(kicad_pcb (version 20171130) (host pcbnew "(5.1.8-0-10_14)")

  (general
    (thickness 1.6002)
    (drawings 35)
    (tracks 199)
    (zones 0)
    (modules 40)
    (nets 29)
  )

  (page A4)
  (layers
    (0 F.Cu signal)
    (1 In1.Cu power hide)
    (2 In2.Cu power hide)
    (31 B.Cu signal hide)
    (36 B.SilkS user hide)
    (37 F.SilkS user)
    (38 B.Mask user hide)
    (39 F.Mask user hide)
    (41 Cmts.User user)
    (44 Edge.Cuts user)
    (45 Margin user hide)
    (46 B.CrtYd user hide)
    (47 F.CrtYd user)
  )

  (setup
    (last_trace_width 0.254)
    (user_trace_width 0.254)
    (user_trace_width 0.508)
    (user_trace_width 0.762)
    (user_trace_width 1.27)
    (trace_clearance 0.254)
    (zone_clearance 0.508)
    (zone_45_only yes)
    (trace_min 0.254)
    (via_size 0.5588)
    (via_drill 0.254)
    (via_min_size 0.5588)
    (via_min_drill 0.254)
    (user_via 0.762 0.381)
    (uvia_size 0.5588)
    (uvia_drill 0.254)
    (uvias_allowed no)
    (uvia_min_size 0.5588)
    (uvia_min_drill 0.254)
    (edge_width 0.05)
    (segment_width 0.2)
    (pcb_text_width 0.3)
    (pcb_text_size 1.5 1.5)
    (mod_edge_width 0.12)
    (mod_text_size 1 1)
    (mod_text_width 0.15)
    (pad_size 1.524 1.524)
    (pad_drill 0.762)
    (pad_to_mask_clearance 0.0508)
    (aux_axis_origin 0 0)
    (visible_elements FFFFFF7F)
    (pcbplotparams
      (layerselection 0x010f0_ffffffff)
      (usegerberextensions false)
      (usegerberattributes true)
      (usegerberadvancedattributes true)
      (creategerberjobfile true)
      (excludeedgelayer true)
      (linewidth 0.100000)
      (plotframeref false)
      (viasonmask false)
      (mode 1)
      (useauxorigin false)
      (hpglpennumber 1)
      (hpglpenspeed 20)
      (hpglpendiameter 15.000000)
      (psnegative false)
      (psa4output false)
      (plotreference true)
      (plotvalue true)
      (plotinvisibletext false)
      (padsonsilk false)
      (subtractmaskfromsilk false)
      (outputformat 1)
      (mirror false)
      (drillshape 0)
      (scaleselection 1)
      (outputdirectory ""))
  )

  (net 0 "")
  (net 1 +3V3)
  (net 2 GND)
  (net 3 +12V)
  (net 4 "Net-(C7-Pad2)")
  (net 5 /ESP_EN)
  (net 6 /ESP_RST_L)
  (net 7 /GPIO0)
  (net 8 /water_voltage)
  (net 9 "Net-(J1-Pad2)")
  (net 10 /I2C_SCL)
  (net 11 /I2C_SDA)
  (net 12 /MPU_INT)
  (net 13 /CTS_NC)
  (net 14 /RTS_NC)
  (net 15 /ESP_TXD)
  (net 16 /ESP_RXD)
  (net 17 /GPIO16)
  (net 18 /GPIO15)
  (net 19 /GPIO4)
  (net 20 /GPIO5)
  (net 21 /U2_SW)
  (net 22 /U2_BST)
  (net 23 /U2_SS)
  (net 24 /U2_COMP)
  (net 25 /U2_FB)
  (net 26 /U2_EN)
  (net 27 /GPIO12)
  (net 28 /GPIO13)

  (net_class Default "This is the default net class."
    (clearance 0.254)
    (trace_width 0.254)
    (via_dia 0.5588)
    (via_drill 0.254)
    (uvia_dia 0.5588)
    (uvia_drill 0.254)
    (diff_pair_width 0.254)
    (diff_pair_gap 0.254)
    (add_net /CTS_NC)
    (add_net /ESP_EN)
    (add_net /ESP_RST_L)
    (add_net /ESP_RXD)
    (add_net /ESP_TXD)
    (add_net /GPIO0)
    (add_net /GPIO12)
    (add_net /GPIO13)
    (add_net /GPIO15)
    (add_net /GPIO16)
    (add_net /GPIO4)
    (add_net /GPIO5)
    (add_net /I2C_SCL)
    (add_net /I2C_SDA)
    (add_net /MPU_INT)
    (add_net /RTS_NC)
    (add_net /U2_BST)
    (add_net /U2_COMP)
    (add_net /U2_EN)
    (add_net /U2_FB)
    (add_net /U2_SS)
    (add_net /U2_SW)
    (add_net /water_voltage)
    (add_net "Net-(C7-Pad2)")
    (add_net "Net-(J1-Pad2)")
  )

  (net_class Power ""
    (clearance 0.508)
    (trace_width 0.508)
    (via_dia 0.762)
    (via_drill 0.508)
    (uvia_dia 0.5588)
    (uvia_drill 0.254)
    (diff_pair_width 0.254)
    (diff_pair_gap 0.254)
    (add_net +12V)
    (add_net +3V3)
    (add_net GND)
  )

  (module SamacSys_Parts:ESPWROOM02DM1102H3200PH3Q0 (layer F.Cu) (tedit 0) (tstamp 60D67FCC)
    (at 142.875 88.265)
    (descr "ESP-WROOM-02D(M1102H3200PH3Q0)-4")
    (tags "Integrated Circuit")
    (path /60D47803)
    (attr smd)
    (fp_text reference U1 (at -0.55 0) (layer F.SilkS)
      (effects (font (size 1.27 1.27) (thickness 0.254)))
    )
    (fp_text value ESP-WROOM-02D_M1102H3200PH3Q0_ (at -0.55 0) (layer F.SilkS) hide
      (effects (font (size 1.27 1.27) (thickness 0.254)))
    )
    (fp_line (start -9 10) (end 9 10) (layer F.Fab) (width 0.2))
    (fp_line (start 9 10) (end 9 -10) (layer F.Fab) (width 0.2))
    (fp_line (start 9 -10) (end -9 -10) (layer F.Fab) (width 0.2))
    (fp_line (start -9 -10) (end -9 10) (layer F.Fab) (width 0.2))
    (fp_line (start -9 -10) (end 9 -10) (layer F.SilkS) (width 0.1))
    (fp_line (start 9 -10) (end 9 -10) (layer F.SilkS) (width 0.1))
    (fp_line (start 9 -10) (end -9 -10) (layer F.SilkS) (width 0.1))
    (fp_line (start -9 -10) (end -9 -10) (layer F.SilkS) (width 0.1))
    (fp_line (start 9 10) (end -9 10) (layer F.SilkS) (width 0.1))
    (fp_line (start -9 10) (end -9 10) (layer F.SilkS) (width 0.1))
    (fp_line (start -9 10) (end 9 10) (layer F.SilkS) (width 0.1))
    (fp_line (start 9 10) (end 9 10) (layer F.SilkS) (width 0.1))
    (fp_line (start -11.6 -11) (end 10.5 -11) (layer F.CrtYd) (width 0.1))
    (fp_line (start 10.5 -11) (end 10.5 11) (layer F.CrtYd) (width 0.1))
    (fp_line (start 10.5 11) (end -11.6 11) (layer F.CrtYd) (width 0.1))
    (fp_line (start -11.6 11) (end -11.6 -11) (layer F.CrtYd) (width 0.1))
    (fp_line (start -9 -4) (end -9 -4) (layer F.SilkS) (width 0.1))
    (fp_line (start -9 -4) (end -9 -10) (layer F.SilkS) (width 0.1))
    (fp_line (start -9 -10) (end -9 -10) (layer F.SilkS) (width 0.1))
    (fp_line (start -9 -10) (end -9 -4) (layer F.SilkS) (width 0.1))
    (fp_line (start 9 -10) (end 9 -10) (layer F.SilkS) (width 0.1))
    (fp_line (start 9 -10) (end 9 -4) (layer F.SilkS) (width 0.1))
    (fp_line (start 9 -4) (end 9 -4) (layer F.SilkS) (width 0.1))
    (fp_line (start 9 -4) (end 9 -10) (layer F.SilkS) (width 0.1))
    (fp_line (start -10.7 -2.9) (end -10.7 -2.9) (layer F.SilkS) (width 0.2))
    (fp_line (start -10.5 -2.9) (end -10.5 -2.9) (layer F.SilkS) (width 0.2))
    (fp_line (start -10.7 -2.9) (end -10.7 -2.9) (layer F.SilkS) (width 0.2))
    (fp_text user %R (at -0.55 0) (layer F.Fab)
      (effects (font (size 1.27 1.27) (thickness 0.254)))
    )
    (fp_arc (start -10.6 -2.9) (end -10.7 -2.9) (angle -180) (layer F.SilkS) (width 0.2))
    (fp_arc (start -10.6 -2.9) (end -10.5 -2.9) (angle -180) (layer F.SilkS) (width 0.2))
    (fp_arc (start -10.6 -2.9) (end -10.7 -2.9) (angle -180) (layer F.SilkS) (width 0.2))
    (pad 1 smd rect (at -8.75 -2.9 90) (size 0.9 1.5) (layers F.Cu F.Paste F.Mask)
      (net 1 +3V3))
    (pad 2 smd rect (at -8.75 -1.4 90) (size 0.9 1.5) (layers F.Cu F.Paste F.Mask)
      (net 5 /ESP_EN))
    (pad 3 smd rect (at -8.75 0.1 90) (size 0.9 1.5) (layers F.Cu F.Paste F.Mask)
      (net 10 /I2C_SCL))
    (pad 4 smd rect (at -8.75 1.6 90) (size 0.9 1.5) (layers F.Cu F.Paste F.Mask)
      (net 27 /GPIO12))
    (pad 5 smd rect (at -8.75 3.1 90) (size 0.9 1.5) (layers F.Cu F.Paste F.Mask)
      (net 28 /GPIO13))
    (pad 6 smd rect (at -8.75 4.6 90) (size 0.9 1.5) (layers F.Cu F.Paste F.Mask)
      (net 18 /GPIO15))
    (pad 7 smd rect (at -8.75 6.1 90) (size 0.9 1.5) (layers F.Cu F.Paste F.Mask)
      (net 11 /I2C_SDA))
    (pad 8 smd rect (at -8.75 7.6 90) (size 0.9 1.5) (layers F.Cu F.Paste F.Mask)
      (net 7 /GPIO0))
    (pad 9 smd rect (at -8.75 9.1 90) (size 0.9 1.5) (layers F.Cu F.Paste F.Mask)
      (net 2 GND))
    (pad 10 smd rect (at 8.75 9.1 90) (size 0.9 1.5) (layers F.Cu F.Paste F.Mask)
      (net 19 /GPIO4))
    (pad 11 smd rect (at 8.75 7.6 90) (size 0.9 1.5) (layers F.Cu F.Paste F.Mask)
      (net 16 /ESP_RXD))
    (pad 12 smd rect (at 8.75 6.1 90) (size 0.9 1.5) (layers F.Cu F.Paste F.Mask)
      (net 15 /ESP_TXD))
    (pad 13 smd rect (at 8.75 4.6 90) (size 0.9 1.5) (layers F.Cu F.Paste F.Mask)
      (net 2 GND))
    (pad 14 smd rect (at 8.75 3.1 90) (size 0.9 1.5) (layers F.Cu F.Paste F.Mask)
      (net 20 /GPIO5))
    (pad 15 smd rect (at 8.75 1.6 90) (size 0.9 1.5) (layers F.Cu F.Paste F.Mask)
      (net 6 /ESP_RST_L))
    (pad 16 smd rect (at 8.75 0.1 90) (size 0.9 1.5) (layers F.Cu F.Paste F.Mask)
      (net 8 /water_voltage))
    (pad 17 smd rect (at 8.75 -1.4 90) (size 0.9 1.5) (layers F.Cu F.Paste F.Mask)
      (net 17 /GPIO16))
    (pad 18 smd rect (at 8.75 -2.9 90) (size 0.9 1.5) (layers F.Cu F.Paste F.Mask)
      (net 2 GND))
    (pad 19 smd rect (at 1.1 3.71 90) (size 4 4) (layers F.Cu F.Paste F.Mask)
      (net 2 GND))
    (model D:\kicad\Libraries\SamacSys_Parts.3dshapes\ESP-WROOM-02D_M1102H3200PH3Q0_.stp
      (at (xyz 0 0 0))
      (scale (xyz 1 1 1))
      (rotate (xyz 0 0 0))
    )
  )

  (module Capacitor_SMD:C_0805_2012Metric_Pad1.18x1.45mm_HandSolder (layer B.Cu) (tedit 5F68FEEF) (tstamp 60D751B5)
    (at 137.4355 86.995)
    (descr "Capacitor SMD 0805 (2012 Metric), square (rectangular) end terminal, IPC_7351 nominal with elongated pad for handsoldering. (Body size source: IPC-SM-782 page 76, https://www.pcb-3d.com/wordpress/wp-content/uploads/ipc-sm-782a_amendment_1_and_2.pdf, https://docs.google.com/spreadsheets/d/1BsfQQcO9C6DZCsRaXUlFlo91Tg2WpOkGARC1WS5S8t0/edit?usp=sharing), generated with kicad-footprint-generator")
    (tags "capacitor handsolder")
    (path /60FB39E4)
    (attr smd)
    (fp_text reference C1 (at 0.4865 -1.905 180) (layer B.SilkS)
      (effects (font (size 1 1) (thickness 0.15)) (justify mirror))
    )
    (fp_text value .1uF (at 0 -1.68 180) (layer B.Fab)
      (effects (font (size 1 1) (thickness 0.15)) (justify mirror))
    )
    (fp_line (start -1 -0.625) (end -1 0.625) (layer B.Fab) (width 0.1))
    (fp_line (start -1 0.625) (end 1 0.625) (layer B.Fab) (width 0.1))
    (fp_line (start 1 0.625) (end 1 -0.625) (layer B.Fab) (width 0.1))
    (fp_line (start 1 -0.625) (end -1 -0.625) (layer B.Fab) (width 0.1))
    (fp_line (start -0.261252 0.735) (end 0.261252 0.735) (layer B.SilkS) (width 0.12))
    (fp_line (start -0.261252 -0.735) (end 0.261252 -0.735) (layer B.SilkS) (width 0.12))
    (fp_line (start -1.88 -0.98) (end -1.88 0.98) (layer B.CrtYd) (width 0.05))
    (fp_line (start -1.88 0.98) (end 1.88 0.98) (layer B.CrtYd) (width 0.05))
    (fp_line (start 1.88 0.98) (end 1.88 -0.98) (layer B.CrtYd) (width 0.05))
    (fp_line (start 1.88 -0.98) (end -1.88 -0.98) (layer B.CrtYd) (width 0.05))
    (fp_text user %R (at 0 0 180) (layer B.Fab)
      (effects (font (size 0.5 0.5) (thickness 0.08)) (justify mirror))
    )
    (pad 1 smd roundrect (at -1.0375 0) (size 1.175 1.45) (layers B.Cu B.Paste B.Mask) (roundrect_rratio 0.2127659574468085)
      (net 1 +3V3))
    (pad 2 smd roundrect (at 1.0375 0) (size 1.175 1.45) (layers B.Cu B.Paste B.Mask) (roundrect_rratio 0.2127659574468085)
      (net 2 GND))
    (model ${KISYS3DMOD}/Capacitor_SMD.3dshapes/C_0805_2012Metric.wrl
      (at (xyz 0 0 0))
      (scale (xyz 1 1 1))
      (rotate (xyz 0 0 0))
    )
  )

  (module Capacitor_SMD:C_0805_2012Metric_Pad1.18x1.45mm_HandSolder (layer F.Cu) (tedit 5F68FEEF) (tstamp 60D66F35)
    (at 152.4 112.6275 270)
    (descr "Capacitor SMD 0805 (2012 Metric), square (rectangular) end terminal, IPC_7351 nominal with elongated pad for handsoldering. (Body size source: IPC-SM-782 page 76, https://www.pcb-3d.com/wordpress/wp-content/uploads/ipc-sm-782a_amendment_1_and_2.pdf, https://docs.google.com/spreadsheets/d/1BsfQQcO9C6DZCsRaXUlFlo91Tg2WpOkGARC1WS5S8t0/edit?usp=sharing), generated with kicad-footprint-generator")
    (tags "capacitor handsolder")
    (path /60E34EEA)
    (attr smd)
    (fp_text reference C2 (at 0 -1.68 90) (layer F.SilkS)
      (effects (font (size 1 1) (thickness 0.15)))
    )
    (fp_text value 22uF (at 0 1.68 90) (layer F.Fab)
      (effects (font (size 1 1) (thickness 0.15)))
    )
    (fp_line (start 1.88 0.98) (end -1.88 0.98) (layer F.CrtYd) (width 0.05))
    (fp_line (start 1.88 -0.98) (end 1.88 0.98) (layer F.CrtYd) (width 0.05))
    (fp_line (start -1.88 -0.98) (end 1.88 -0.98) (layer F.CrtYd) (width 0.05))
    (fp_line (start -1.88 0.98) (end -1.88 -0.98) (layer F.CrtYd) (width 0.05))
    (fp_line (start -0.261252 0.735) (end 0.261252 0.735) (layer F.SilkS) (width 0.12))
    (fp_line (start -0.261252 -0.735) (end 0.261252 -0.735) (layer F.SilkS) (width 0.12))
    (fp_line (start 1 0.625) (end -1 0.625) (layer F.Fab) (width 0.1))
    (fp_line (start 1 -0.625) (end 1 0.625) (layer F.Fab) (width 0.1))
    (fp_line (start -1 -0.625) (end 1 -0.625) (layer F.Fab) (width 0.1))
    (fp_line (start -1 0.625) (end -1 -0.625) (layer F.Fab) (width 0.1))
    (fp_text user %R (at 0 0 90) (layer F.Fab)
      (effects (font (size 0.5 0.5) (thickness 0.08)))
    )
    (pad 2 smd roundrect (at 1.0375 0 270) (size 1.175 1.45) (layers F.Cu F.Paste F.Mask) (roundrect_rratio 0.2127659574468085)
      (net 2 GND))
    (pad 1 smd roundrect (at -1.0375 0 270) (size 1.175 1.45) (layers F.Cu F.Paste F.Mask) (roundrect_rratio 0.2127659574468085)
      (net 1 +3V3))
    (model ${KISYS3DMOD}/Capacitor_SMD.3dshapes/C_0805_2012Metric.wrl
      (at (xyz 0 0 0))
      (scale (xyz 1 1 1))
      (rotate (xyz 0 0 0))
    )
  )

  (module Capacitor_SMD:C_0805_2012Metric_Pad1.18x1.45mm_HandSolder (layer F.Cu) (tedit 5F68FEEF) (tstamp 60D66FC5)
    (at 144.653 120.2778 90)
    (descr "Capacitor SMD 0805 (2012 Metric), square (rectangular) end terminal, IPC_7351 nominal with elongated pad for handsoldering. (Body size source: IPC-SM-782 page 76, https://www.pcb-3d.com/wordpress/wp-content/uploads/ipc-sm-782a_amendment_1_and_2.pdf, https://docs.google.com/spreadsheets/d/1BsfQQcO9C6DZCsRaXUlFlo91Tg2WpOkGARC1WS5S8t0/edit?usp=sharing), generated with kicad-footprint-generator")
    (tags "capacitor handsolder")
    (path /60D554E0)
    (attr smd)
    (fp_text reference C3 (at 22.3608 -1.651 90) (layer F.SilkS)
      (effects (font (size 1 1) (thickness 0.15)))
    )
    (fp_text value 10nF (at 0 1.68 90) (layer F.Fab)
      (effects (font (size 1 1) (thickness 0.15)))
    )
    (fp_line (start -1 0.625) (end -1 -0.625) (layer F.Fab) (width 0.1))
    (fp_line (start -1 -0.625) (end 1 -0.625) (layer F.Fab) (width 0.1))
    (fp_line (start 1 -0.625) (end 1 0.625) (layer F.Fab) (width 0.1))
    (fp_line (start 1 0.625) (end -1 0.625) (layer F.Fab) (width 0.1))
    (fp_line (start -0.261252 -0.735) (end 0.261252 -0.735) (layer F.SilkS) (width 0.12))
    (fp_line (start -0.261252 0.735) (end 0.261252 0.735) (layer F.SilkS) (width 0.12))
    (fp_line (start -1.88 0.98) (end -1.88 -0.98) (layer F.CrtYd) (width 0.05))
    (fp_line (start -1.88 -0.98) (end 1.88 -0.98) (layer F.CrtYd) (width 0.05))
    (fp_line (start 1.88 -0.98) (end 1.88 0.98) (layer F.CrtYd) (width 0.05))
    (fp_line (start 1.88 0.98) (end -1.88 0.98) (layer F.CrtYd) (width 0.05))
    (fp_text user %R (at 0 0 90) (layer F.Fab)
      (effects (font (size 0.5 0.5) (thickness 0.08)))
    )
    (pad 1 smd roundrect (at -1.0375 0 90) (size 1.175 1.45) (layers F.Cu F.Paste F.Mask) (roundrect_rratio 0.2127659574468085)
      (net 22 /U2_BST))
    (pad 2 smd roundrect (at 1.0375 0 90) (size 1.175 1.45) (layers F.Cu F.Paste F.Mask) (roundrect_rratio 0.2127659574468085)
      (net 21 /U2_SW))
    (model ${KISYS3DMOD}/Capacitor_SMD.3dshapes/C_0805_2012Metric.wrl
      (at (xyz 0 0 0))
      (scale (xyz 1 1 1))
      (rotate (xyz 0 0 0))
    )
  )

  (module Capacitor_SMD:C_0805_2012Metric_Pad1.18x1.45mm_HandSolder (layer B.Cu) (tedit 5F68FEEF) (tstamp 60D679D9)
    (at 137.4355 89.535)
    (descr "Capacitor SMD 0805 (2012 Metric), square (rectangular) end terminal, IPC_7351 nominal with elongated pad for handsoldering. (Body size source: IPC-SM-782 page 76, https://www.pcb-3d.com/wordpress/wp-content/uploads/ipc-sm-782a_amendment_1_and_2.pdf, https://docs.google.com/spreadsheets/d/1BsfQQcO9C6DZCsRaXUlFlo91Tg2WpOkGARC1WS5S8t0/edit?usp=sharing), generated with kicad-footprint-generator")
    (tags "capacitor handsolder")
    (path /60E41FCC)
    (attr smd)
    (fp_text reference C4 (at 0 1.68 180) (layer B.SilkS)
      (effects (font (size 1 1) (thickness 0.15)) (justify mirror))
    )
    (fp_text value 22uF (at 0 -1.68 180) (layer B.Fab)
      (effects (font (size 1 1) (thickness 0.15)) (justify mirror))
    )
    (fp_line (start -1 -0.625) (end -1 0.625) (layer B.Fab) (width 0.1))
    (fp_line (start -1 0.625) (end 1 0.625) (layer B.Fab) (width 0.1))
    (fp_line (start 1 0.625) (end 1 -0.625) (layer B.Fab) (width 0.1))
    (fp_line (start 1 -0.625) (end -1 -0.625) (layer B.Fab) (width 0.1))
    (fp_line (start -0.261252 0.735) (end 0.261252 0.735) (layer B.SilkS) (width 0.12))
    (fp_line (start -0.261252 -0.735) (end 0.261252 -0.735) (layer B.SilkS) (width 0.12))
    (fp_line (start -1.88 -0.98) (end -1.88 0.98) (layer B.CrtYd) (width 0.05))
    (fp_line (start -1.88 0.98) (end 1.88 0.98) (layer B.CrtYd) (width 0.05))
    (fp_line (start 1.88 0.98) (end 1.88 -0.98) (layer B.CrtYd) (width 0.05))
    (fp_line (start 1.88 -0.98) (end -1.88 -0.98) (layer B.CrtYd) (width 0.05))
    (fp_text user %R (at 0 0 180) (layer B.Fab)
      (effects (font (size 0.5 0.5) (thickness 0.08)) (justify mirror))
    )
    (pad 1 smd roundrect (at -1.0375 0) (size 1.175 1.45) (layers B.Cu B.Paste B.Mask) (roundrect_rratio 0.2127659574468085)
      (net 1 +3V3))
    (pad 2 smd roundrect (at 1.0375 0) (size 1.175 1.45) (layers B.Cu B.Paste B.Mask) (roundrect_rratio 0.2127659574468085)
      (net 2 GND))
    (model ${KISYS3DMOD}/Capacitor_SMD.3dshapes/C_0805_2012Metric.wrl
      (at (xyz 0 0 0))
      (scale (xyz 1 1 1))
      (rotate (xyz 0 0 0))
    )
  )

  (module Capacitor_SMD:C_0805_2012Metric_Pad1.18x1.45mm_HandSolder (layer B.Cu) (tedit 5F68FEEF) (tstamp 60D777B8)
    (at 144.018 117.094 90)
    (descr "Capacitor SMD 0805 (2012 Metric), square (rectangular) end terminal, IPC_7351 nominal with elongated pad for handsoldering. (Body size source: IPC-SM-782 page 76, https://www.pcb-3d.com/wordpress/wp-content/uploads/ipc-sm-782a_amendment_1_and_2.pdf, https://docs.google.com/spreadsheets/d/1BsfQQcO9C6DZCsRaXUlFlo91Tg2WpOkGARC1WS5S8t0/edit?usp=sharing), generated with kicad-footprint-generator")
    (tags "capacitor handsolder")
    (path /60E6B0C9)
    (attr smd)
    (fp_text reference C5 (at 0 1.68 90) (layer B.SilkS)
      (effects (font (size 1 1) (thickness 0.15)) (justify mirror))
    )
    (fp_text value 10uF (at 0 -1.68 90) (layer B.Fab)
      (effects (font (size 1 1) (thickness 0.15)) (justify mirror))
    )
    (fp_line (start 1.88 -0.98) (end -1.88 -0.98) (layer B.CrtYd) (width 0.05))
    (fp_line (start 1.88 0.98) (end 1.88 -0.98) (layer B.CrtYd) (width 0.05))
    (fp_line (start -1.88 0.98) (end 1.88 0.98) (layer B.CrtYd) (width 0.05))
    (fp_line (start -1.88 -0.98) (end -1.88 0.98) (layer B.CrtYd) (width 0.05))
    (fp_line (start -0.261252 -0.735) (end 0.261252 -0.735) (layer B.SilkS) (width 0.12))
    (fp_line (start -0.261252 0.735) (end 0.261252 0.735) (layer B.SilkS) (width 0.12))
    (fp_line (start 1 -0.625) (end -1 -0.625) (layer B.Fab) (width 0.1))
    (fp_line (start 1 0.625) (end 1 -0.625) (layer B.Fab) (width 0.1))
    (fp_line (start -1 0.625) (end 1 0.625) (layer B.Fab) (width 0.1))
    (fp_line (start -1 -0.625) (end -1 0.625) (layer B.Fab) (width 0.1))
    (fp_text user %R (at 0 0 90) (layer B.Fab)
      (effects (font (size 0.5 0.5) (thickness 0.08)) (justify mirror))
    )
    (pad 2 smd roundrect (at 1.0375 0 90) (size 1.175 1.45) (layers B.Cu B.Paste B.Mask) (roundrect_rratio 0.2127659574468085)
      (net 2 GND))
    (pad 1 smd roundrect (at -1.0375 0 90) (size 1.175 1.45) (layers B.Cu B.Paste B.Mask) (roundrect_rratio 0.2127659574468085)
      (net 3 +12V))
    (model ${KISYS3DMOD}/Capacitor_SMD.3dshapes/C_0805_2012Metric.wrl
      (at (xyz 0 0 0))
      (scale (xyz 1 1 1))
      (rotate (xyz 0 0 0))
    )
  )

  (module Capacitor_SMD:C_0805_2012Metric_Pad1.18x1.45mm_HandSolder (layer B.Cu) (tedit 5F68FEEF) (tstamp 60D66F65)
    (at 130.5775 121.158 180)
    (descr "Capacitor SMD 0805 (2012 Metric), square (rectangular) end terminal, IPC_7351 nominal with elongated pad for handsoldering. (Body size source: IPC-SM-782 page 76, https://www.pcb-3d.com/wordpress/wp-content/uploads/ipc-sm-782a_amendment_1_and_2.pdf, https://docs.google.com/spreadsheets/d/1BsfQQcO9C6DZCsRaXUlFlo91Tg2WpOkGARC1WS5S8t0/edit?usp=sharing), generated with kicad-footprint-generator")
    (tags "capacitor handsolder")
    (path /60D59F00)
    (attr smd)
    (fp_text reference C6 (at 0 1.68 180) (layer B.SilkS)
      (effects (font (size 1 1) (thickness 0.15)) (justify mirror))
    )
    (fp_text value 0.1uF (at 0 -1.68 180) (layer B.Fab)
      (effects (font (size 1 1) (thickness 0.15)) (justify mirror))
    )
    (fp_line (start 1.88 -0.98) (end -1.88 -0.98) (layer B.CrtYd) (width 0.05))
    (fp_line (start 1.88 0.98) (end 1.88 -0.98) (layer B.CrtYd) (width 0.05))
    (fp_line (start -1.88 0.98) (end 1.88 0.98) (layer B.CrtYd) (width 0.05))
    (fp_line (start -1.88 -0.98) (end -1.88 0.98) (layer B.CrtYd) (width 0.05))
    (fp_line (start -0.261252 -0.735) (end 0.261252 -0.735) (layer B.SilkS) (width 0.12))
    (fp_line (start -0.261252 0.735) (end 0.261252 0.735) (layer B.SilkS) (width 0.12))
    (fp_line (start 1 -0.625) (end -1 -0.625) (layer B.Fab) (width 0.1))
    (fp_line (start 1 0.625) (end 1 -0.625) (layer B.Fab) (width 0.1))
    (fp_line (start -1 0.625) (end 1 0.625) (layer B.Fab) (width 0.1))
    (fp_line (start -1 -0.625) (end -1 0.625) (layer B.Fab) (width 0.1))
    (fp_text user %R (at 0 0 180) (layer B.Fab)
      (effects (font (size 0.5 0.5) (thickness 0.08)) (justify mirror))
    )
    (pad 2 smd roundrect (at 1.0375 0 180) (size 1.175 1.45) (layers B.Cu B.Paste B.Mask) (roundrect_rratio 0.2127659574468085)
      (net 2 GND))
    (pad 1 smd roundrect (at -1.0375 0 180) (size 1.175 1.45) (layers B.Cu B.Paste B.Mask) (roundrect_rratio 0.2127659574468085)
      (net 23 /U2_SS))
    (model ${KISYS3DMOD}/Capacitor_SMD.3dshapes/C_0805_2012Metric.wrl
      (at (xyz 0 0 0))
      (scale (xyz 1 1 1))
      (rotate (xyz 0 0 0))
    )
  )

  (module Capacitor_SMD:C_0805_2012Metric_Pad1.18x1.45mm_HandSolder (layer B.Cu) (tedit 5F68FEEF) (tstamp 60D66ED5)
    (at 135.1065 114.808)
    (descr "Capacitor SMD 0805 (2012 Metric), square (rectangular) end terminal, IPC_7351 nominal with elongated pad for handsoldering. (Body size source: IPC-SM-782 page 76, https://www.pcb-3d.com/wordpress/wp-content/uploads/ipc-sm-782a_amendment_1_and_2.pdf, https://docs.google.com/spreadsheets/d/1BsfQQcO9C6DZCsRaXUlFlo91Tg2WpOkGARC1WS5S8t0/edit?usp=sharing), generated with kicad-footprint-generator")
    (tags "capacitor handsolder")
    (path /60D6C313)
    (attr smd)
    (fp_text reference C7 (at 0 1.68) (layer B.SilkS)
      (effects (font (size 1 1) (thickness 0.15)) (justify mirror))
    )
    (fp_text value 6.8nF (at 0 -1.68 180) (layer B.Fab)
      (effects (font (size 1 1) (thickness 0.15)) (justify mirror))
    )
    (fp_line (start -1 -0.625) (end -1 0.625) (layer B.Fab) (width 0.1))
    (fp_line (start -1 0.625) (end 1 0.625) (layer B.Fab) (width 0.1))
    (fp_line (start 1 0.625) (end 1 -0.625) (layer B.Fab) (width 0.1))
    (fp_line (start 1 -0.625) (end -1 -0.625) (layer B.Fab) (width 0.1))
    (fp_line (start -0.261252 0.735) (end 0.261252 0.735) (layer B.SilkS) (width 0.12))
    (fp_line (start -0.261252 -0.735) (end 0.261252 -0.735) (layer B.SilkS) (width 0.12))
    (fp_line (start -1.88 -0.98) (end -1.88 0.98) (layer B.CrtYd) (width 0.05))
    (fp_line (start -1.88 0.98) (end 1.88 0.98) (layer B.CrtYd) (width 0.05))
    (fp_line (start 1.88 0.98) (end 1.88 -0.98) (layer B.CrtYd) (width 0.05))
    (fp_line (start 1.88 -0.98) (end -1.88 -0.98) (layer B.CrtYd) (width 0.05))
    (fp_text user %R (at 0 0 180) (layer B.Fab)
      (effects (font (size 0.5 0.5) (thickness 0.08)) (justify mirror))
    )
    (pad 1 smd roundrect (at -1.0375 0) (size 1.175 1.45) (layers B.Cu B.Paste B.Mask) (roundrect_rratio 0.2127659574468085)
      (net 24 /U2_COMP))
    (pad 2 smd roundrect (at 1.0375 0) (size 1.175 1.45) (layers B.Cu B.Paste B.Mask) (roundrect_rratio 0.2127659574468085)
      (net 4 "Net-(C7-Pad2)"))
    (model ${KISYS3DMOD}/Capacitor_SMD.3dshapes/C_0805_2012Metric.wrl
      (at (xyz 0 0 0))
      (scale (xyz 1 1 1))
      (rotate (xyz 0 0 0))
    )
  )

  (module Capacitor_SMD:C_0805_2012Metric_Pad1.18x1.45mm_HandSolder (layer B.Cu) (tedit 5F68FEEF) (tstamp 610C86E8)
    (at 142.3885 96.139)
    (descr "Capacitor SMD 0805 (2012 Metric), square (rectangular) end terminal, IPC_7351 nominal with elongated pad for handsoldering. (Body size source: IPC-SM-782 page 76, https://www.pcb-3d.com/wordpress/wp-content/uploads/ipc-sm-782a_amendment_1_and_2.pdf, https://docs.google.com/spreadsheets/d/1BsfQQcO9C6DZCsRaXUlFlo91Tg2WpOkGARC1WS5S8t0/edit?usp=sharing), generated with kicad-footprint-generator")
    (tags "capacitor handsolder")
    (path /60C89492)
    (attr smd)
    (fp_text reference C8 (at 1.5025 1.68 180) (layer B.SilkS)
      (effects (font (size 1 1) (thickness 0.15)) (justify mirror))
    )
    (fp_text value 0.1uF (at 0 -1.68 180) (layer B.Fab)
      (effects (font (size 1 1) (thickness 0.15)) (justify mirror))
    )
    (fp_line (start 1.88 -0.98) (end -1.88 -0.98) (layer B.CrtYd) (width 0.05))
    (fp_line (start 1.88 0.98) (end 1.88 -0.98) (layer B.CrtYd) (width 0.05))
    (fp_line (start -1.88 0.98) (end 1.88 0.98) (layer B.CrtYd) (width 0.05))
    (fp_line (start -1.88 -0.98) (end -1.88 0.98) (layer B.CrtYd) (width 0.05))
    (fp_line (start -0.261252 -0.735) (end 0.261252 -0.735) (layer B.SilkS) (width 0.12))
    (fp_line (start -0.261252 0.735) (end 0.261252 0.735) (layer B.SilkS) (width 0.12))
    (fp_line (start 1 -0.625) (end -1 -0.625) (layer B.Fab) (width 0.1))
    (fp_line (start 1 0.625) (end 1 -0.625) (layer B.Fab) (width 0.1))
    (fp_line (start -1 0.625) (end 1 0.625) (layer B.Fab) (width 0.1))
    (fp_line (start -1 -0.625) (end -1 0.625) (layer B.Fab) (width 0.1))
    (fp_text user %R (at 0 0 180) (layer B.Fab)
      (effects (font (size 0.5 0.5) (thickness 0.08)) (justify mirror))
    )
    (pad 2 smd roundrect (at 1.0375 0) (size 1.175 1.45) (layers B.Cu B.Paste B.Mask) (roundrect_rratio 0.2127659574468085)
      (net 2 GND))
    (pad 1 smd roundrect (at -1.0375 0) (size 1.175 1.45) (layers B.Cu B.Paste B.Mask) (roundrect_rratio 0.2127659574468085)
      (net 5 /ESP_EN))
    (model ${KISYS3DMOD}/Capacitor_SMD.3dshapes/C_0805_2012Metric.wrl
      (at (xyz 0 0 0))
      (scale (xyz 1 1 1))
      (rotate (xyz 0 0 0))
    )
  )

  (module Capacitor_SMD:C_0805_2012Metric_Pad1.18x1.45mm_HandSolder (layer B.Cu) (tedit 5F68FEEF) (tstamp 60D67AB9)
    (at 146.5795 89.916 180)
    (descr "Capacitor SMD 0805 (2012 Metric), square (rectangular) end terminal, IPC_7351 nominal with elongated pad for handsoldering. (Body size source: IPC-SM-782 page 76, https://www.pcb-3d.com/wordpress/wp-content/uploads/ipc-sm-782a_amendment_1_and_2.pdf, https://docs.google.com/spreadsheets/d/1BsfQQcO9C6DZCsRaXUlFlo91Tg2WpOkGARC1WS5S8t0/edit?usp=sharing), generated with kicad-footprint-generator")
    (tags "capacitor handsolder")
    (path /60C89AA5)
    (attr smd)
    (fp_text reference C9 (at 0.0215 -1.778 180) (layer B.SilkS)
      (effects (font (size 1 1) (thickness 0.15)) (justify mirror))
    )
    (fp_text value 0.1uF (at 0 -1.68 180) (layer B.Fab)
      (effects (font (size 1 1) (thickness 0.15)) (justify mirror))
    )
    (fp_line (start -1 -0.625) (end -1 0.625) (layer B.Fab) (width 0.1))
    (fp_line (start -1 0.625) (end 1 0.625) (layer B.Fab) (width 0.1))
    (fp_line (start 1 0.625) (end 1 -0.625) (layer B.Fab) (width 0.1))
    (fp_line (start 1 -0.625) (end -1 -0.625) (layer B.Fab) (width 0.1))
    (fp_line (start -0.261252 0.735) (end 0.261252 0.735) (layer B.SilkS) (width 0.12))
    (fp_line (start -0.261252 -0.735) (end 0.261252 -0.735) (layer B.SilkS) (width 0.12))
    (fp_line (start -1.88 -0.98) (end -1.88 0.98) (layer B.CrtYd) (width 0.05))
    (fp_line (start -1.88 0.98) (end 1.88 0.98) (layer B.CrtYd) (width 0.05))
    (fp_line (start 1.88 0.98) (end 1.88 -0.98) (layer B.CrtYd) (width 0.05))
    (fp_line (start 1.88 -0.98) (end -1.88 -0.98) (layer B.CrtYd) (width 0.05))
    (fp_text user %R (at 0 0 180) (layer B.Fab)
      (effects (font (size 0.5 0.5) (thickness 0.08)) (justify mirror))
    )
    (pad 1 smd roundrect (at -1.0375 0 180) (size 1.175 1.45) (layers B.Cu B.Paste B.Mask) (roundrect_rratio 0.2127659574468085)
      (net 6 /ESP_RST_L))
    (pad 2 smd roundrect (at 1.0375 0 180) (size 1.175 1.45) (layers B.Cu B.Paste B.Mask) (roundrect_rratio 0.2127659574468085)
      (net 2 GND))
    (model ${KISYS3DMOD}/Capacitor_SMD.3dshapes/C_0805_2012Metric.wrl
      (at (xyz 0 0 0))
      (scale (xyz 1 1 1))
      (rotate (xyz 0 0 0))
    )
  )

  (module Capacitor_SMD:C_0805_2012Metric_Pad1.18x1.45mm_HandSolder (layer B.Cu) (tedit 5F68FEEF) (tstamp 60D67A39)
    (at 132.8635 97.536)
    (descr "Capacitor SMD 0805 (2012 Metric), square (rectangular) end terminal, IPC_7351 nominal with elongated pad for handsoldering. (Body size source: IPC-SM-782 page 76, https://www.pcb-3d.com/wordpress/wp-content/uploads/ipc-sm-782a_amendment_1_and_2.pdf, https://docs.google.com/spreadsheets/d/1BsfQQcO9C6DZCsRaXUlFlo91Tg2WpOkGARC1WS5S8t0/edit?usp=sharing), generated with kicad-footprint-generator")
    (tags "capacitor handsolder")
    (path /60CDD5AA)
    (attr smd)
    (fp_text reference C10 (at 0 1.68 180) (layer B.SilkS)
      (effects (font (size 1 1) (thickness 0.15)) (justify mirror))
    )
    (fp_text value 0.1uF (at 0 -1.68 180) (layer B.Fab)
      (effects (font (size 1 1) (thickness 0.15)) (justify mirror))
    )
    (fp_line (start -1 -0.625) (end -1 0.625) (layer B.Fab) (width 0.1))
    (fp_line (start -1 0.625) (end 1 0.625) (layer B.Fab) (width 0.1))
    (fp_line (start 1 0.625) (end 1 -0.625) (layer B.Fab) (width 0.1))
    (fp_line (start 1 -0.625) (end -1 -0.625) (layer B.Fab) (width 0.1))
    (fp_line (start -0.261252 0.735) (end 0.261252 0.735) (layer B.SilkS) (width 0.12))
    (fp_line (start -0.261252 -0.735) (end 0.261252 -0.735) (layer B.SilkS) (width 0.12))
    (fp_line (start -1.88 -0.98) (end -1.88 0.98) (layer B.CrtYd) (width 0.05))
    (fp_line (start -1.88 0.98) (end 1.88 0.98) (layer B.CrtYd) (width 0.05))
    (fp_line (start 1.88 0.98) (end 1.88 -0.98) (layer B.CrtYd) (width 0.05))
    (fp_line (start 1.88 -0.98) (end -1.88 -0.98) (layer B.CrtYd) (width 0.05))
    (fp_text user %R (at 0 0 180) (layer B.Fab)
      (effects (font (size 0.5 0.5) (thickness 0.08)) (justify mirror))
    )
    (pad 1 smd roundrect (at -1.0375 0) (size 1.175 1.45) (layers B.Cu B.Paste B.Mask) (roundrect_rratio 0.2127659574468085)
      (net 7 /GPIO0))
    (pad 2 smd roundrect (at 1.0375 0) (size 1.175 1.45) (layers B.Cu B.Paste B.Mask) (roundrect_rratio 0.2127659574468085)
      (net 2 GND))
    (model ${KISYS3DMOD}/Capacitor_SMD.3dshapes/C_0805_2012Metric.wrl
      (at (xyz 0 0 0))
      (scale (xyz 1 1 1))
      (rotate (xyz 0 0 0))
    )
  )

  (module Capacitor_SMD:C_0805_2012Metric_Pad1.18x1.45mm_HandSolder (layer F.Cu) (tedit 5F68FEEF) (tstamp 60D676B5)
    (at 175.26 99.06 270)
    (descr "Capacitor SMD 0805 (2012 Metric), square (rectangular) end terminal, IPC_7351 nominal with elongated pad for handsoldering. (Body size source: IPC-SM-782 page 76, https://www.pcb-3d.com/wordpress/wp-content/uploads/ipc-sm-782a_amendment_1_and_2.pdf, https://docs.google.com/spreadsheets/d/1BsfQQcO9C6DZCsRaXUlFlo91Tg2WpOkGARC1WS5S8t0/edit?usp=sharing), generated with kicad-footprint-generator")
    (tags "capacitor handsolder")
    (path /60D85471)
    (attr smd)
    (fp_text reference C12 (at 0 -1.68 90) (layer F.SilkS)
      (effects (font (size 1 1) (thickness 0.15)))
    )
    (fp_text value 0.1uF (at 0 1.68 90) (layer F.Fab)
      (effects (font (size 1 1) (thickness 0.15)))
    )
    (fp_line (start 1.88 0.98) (end -1.88 0.98) (layer F.CrtYd) (width 0.05))
    (fp_line (start 1.88 -0.98) (end 1.88 0.98) (layer F.CrtYd) (width 0.05))
    (fp_line (start -1.88 -0.98) (end 1.88 -0.98) (layer F.CrtYd) (width 0.05))
    (fp_line (start -1.88 0.98) (end -1.88 -0.98) (layer F.CrtYd) (width 0.05))
    (fp_line (start -0.261252 0.735) (end 0.261252 0.735) (layer F.SilkS) (width 0.12))
    (fp_line (start -0.261252 -0.735) (end 0.261252 -0.735) (layer F.SilkS) (width 0.12))
    (fp_line (start 1 0.625) (end -1 0.625) (layer F.Fab) (width 0.1))
    (fp_line (start 1 -0.625) (end 1 0.625) (layer F.Fab) (width 0.1))
    (fp_line (start -1 -0.625) (end 1 -0.625) (layer F.Fab) (width 0.1))
    (fp_line (start -1 0.625) (end -1 -0.625) (layer F.Fab) (width 0.1))
    (fp_text user %R (at 0 0 90) (layer F.Fab)
      (effects (font (size 0.5 0.5) (thickness 0.08)))
    )
    (pad 2 smd roundrect (at 1.0375 0 270) (size 1.175 1.45) (layers F.Cu F.Paste F.Mask) (roundrect_rratio 0.2127659574468085)
      (net 2 GND))
    (pad 1 smd roundrect (at -1.0375 0 270) (size 1.175 1.45) (layers F.Cu F.Paste F.Mask) (roundrect_rratio 0.2127659574468085)
      (net 8 /water_voltage))
    (model ${KISYS3DMOD}/Capacitor_SMD.3dshapes/C_0805_2012Metric.wrl
      (at (xyz 0 0 0))
      (scale (xyz 1 1 1))
      (rotate (xyz 0 0 0))
    )
  )

  (module Connector_PinHeader_2.54mm:PinHeader_1x06_P2.54mm_Vertical (layer F.Cu) (tedit 59FED5CC) (tstamp 60D67CFC)
    (at 157.48 95.25)
    (descr "Through hole straight pin header, 1x06, 2.54mm pitch, single row")
    (tags "Through hole pin header THT 1x06 2.54mm single row")
    (path /60D13DA5)
    (fp_text reference J1 (at 0 -2.33) (layer F.SilkS)
      (effects (font (size 1 1) (thickness 0.15)))
    )
    (fp_text value Conn_01x06_Female (at 0 15.03) (layer F.Fab)
      (effects (font (size 1 1) (thickness 0.15)))
    )
    (fp_line (start -0.635 -1.27) (end 1.27 -1.27) (layer F.Fab) (width 0.1))
    (fp_line (start 1.27 -1.27) (end 1.27 13.97) (layer F.Fab) (width 0.1))
    (fp_line (start 1.27 13.97) (end -1.27 13.97) (layer F.Fab) (width 0.1))
    (fp_line (start -1.27 13.97) (end -1.27 -0.635) (layer F.Fab) (width 0.1))
    (fp_line (start -1.27 -0.635) (end -0.635 -1.27) (layer F.Fab) (width 0.1))
    (fp_line (start -1.33 14.03) (end 1.33 14.03) (layer F.SilkS) (width 0.12))
    (fp_line (start -1.33 1.27) (end -1.33 14.03) (layer F.SilkS) (width 0.12))
    (fp_line (start 1.33 1.27) (end 1.33 14.03) (layer F.SilkS) (width 0.12))
    (fp_line (start -1.33 1.27) (end 1.33 1.27) (layer F.SilkS) (width 0.12))
    (fp_line (start -1.33 0) (end -1.33 -1.33) (layer F.SilkS) (width 0.12))
    (fp_line (start -1.33 -1.33) (end 0 -1.33) (layer F.SilkS) (width 0.12))
    (fp_line (start -1.8 -1.8) (end -1.8 14.5) (layer F.CrtYd) (width 0.05))
    (fp_line (start -1.8 14.5) (end 1.8 14.5) (layer F.CrtYd) (width 0.05))
    (fp_line (start 1.8 14.5) (end 1.8 -1.8) (layer F.CrtYd) (width 0.05))
    (fp_line (start 1.8 -1.8) (end -1.8 -1.8) (layer F.CrtYd) (width 0.05))
    (fp_text user %R (at 0 6.35 90) (layer F.Fab)
      (effects (font (size 1 1) (thickness 0.15)))
    )
    (pad 1 thru_hole rect (at 0 0) (size 1.7 1.7) (drill 1) (layers *.Cu *.Mask)
      (net 1 +3V3))
    (pad 2 thru_hole oval (at 0 2.54) (size 1.7 1.7) (drill 1) (layers *.Cu *.Mask)
      (net 9 "Net-(J1-Pad2)"))
    (pad 3 thru_hole oval (at 0 5.08) (size 1.7 1.7) (drill 1) (layers *.Cu *.Mask)
      (net 2 GND))
    (pad 4 thru_hole oval (at 0 7.62) (size 1.7 1.7) (drill 1) (layers *.Cu *.Mask)
      (net 10 /I2C_SCL))
    (pad 5 thru_hole oval (at 0 10.16) (size 1.7 1.7) (drill 1) (layers *.Cu *.Mask)
      (net 11 /I2C_SDA))
    (pad 6 thru_hole oval (at 0 12.7) (size 1.7 1.7) (drill 1) (layers *.Cu *.Mask)
      (net 12 /MPU_INT))
    (model ${KISYS3DMOD}/Connector_PinHeader_2.54mm.3dshapes/PinHeader_1x06_P2.54mm_Vertical.wrl
      (at (xyz 0 0 0))
      (scale (xyz 1 1 1))
      (rotate (xyz 0 0 0))
    )
  )

  (module SamacSys_Parts:SHDR2W70P0X500_1X2_1000X750X1160P (layer F.Cu) (tedit 0) (tstamp 610C85CD)
    (at 120.904 104.14 90)
    (descr 64900221122)
    (tags Connector)
    (path /61192815)
    (fp_text reference J2 (at 6.9596 5.0292 180) (layer F.SilkS)
      (effects (font (size 1.27 1.27) (thickness 0.254)))
    )
    (fp_text value 691137710002 (at 0 0 90) (layer F.SilkS) hide
      (effects (font (size 1.27 1.27) (thickness 0.254)))
    )
    (fp_line (start -2.5 -4.1) (end -2.5 0) (layer F.SilkS) (width 0.2))
    (fp_line (start 7.6 -4.1) (end -2.5 -4.1) (layer F.SilkS) (width 0.2))
    (fp_line (start 7.6 3.5) (end 7.6 -4.1) (layer F.SilkS) (width 0.2))
    (fp_line (start 0 3.5) (end 7.6 3.5) (layer F.SilkS) (width 0.2))
    (fp_line (start 7.6 3.5) (end -2.5 3.5) (layer F.Fab) (width 0.1))
    (fp_line (start 7.6 -4.1) (end 7.6 3.5) (layer F.Fab) (width 0.1))
    (fp_line (start -2.5 -4.1) (end 7.6 -4.1) (layer F.Fab) (width 0.1))
    (fp_line (start -2.5 3.5) (end -2.5 -4.1) (layer F.Fab) (width 0.1))
    (fp_line (start 7.85 3.75) (end -2.75 3.75) (layer F.CrtYd) (width 0.05))
    (fp_line (start 7.85 -4.35) (end 7.85 3.75) (layer F.CrtYd) (width 0.05))
    (fp_line (start -2.75 -4.35) (end 7.85 -4.35) (layer F.CrtYd) (width 0.05))
    (fp_line (start -2.75 3.75) (end -2.75 -4.35) (layer F.CrtYd) (width 0.05))
    (fp_text user %R (at 0 0 90) (layer F.Fab)
      (effects (font (size 1.27 1.27) (thickness 0.254)))
    )
    (pad 2 thru_hole circle (at 5 0 90) (size 1.8 1.8) (drill 1.2) (layers *.Cu *.Mask)
      (net 2 GND))
    (pad 1 thru_hole rect (at 0 0 90) (size 1.8 1.8) (drill 1.2) (layers *.Cu *.Mask)
      (net 3 +12V))
    (model D:\kicad\Libraries\SamacSys_Parts.3dshapes\691137710002.stp
      (at (xyz 0 0 0))
      (scale (xyz 1 1 1))
      (rotate (xyz 0 0 0))
    )
  )

  (module SamacSys_Parts:SHDR2W70P0X500_1X2_1000X750X1160P (layer F.Cu) (tedit 0) (tstamp 60D74EF6)
    (at 183.515 98.425 270)
    (descr 64900221122)
    (tags Connector)
    (path /61192ED3)
    (fp_text reference J4 (at -4.191 -0.127) (layer F.SilkS)
      (effects (font (size 1.27 1.27) (thickness 0.254)))
    )
    (fp_text value 691137710002 (at 0 0 90) (layer F.SilkS) hide
      (effects (font (size 1.27 1.27) (thickness 0.254)))
    )
    (fp_line (start -2.75 3.75) (end -2.75 -4.35) (layer F.CrtYd) (width 0.05))
    (fp_line (start -2.75 -4.35) (end 7.85 -4.35) (layer F.CrtYd) (width 0.05))
    (fp_line (start 7.85 -4.35) (end 7.85 3.75) (layer F.CrtYd) (width 0.05))
    (fp_line (start 7.85 3.75) (end -2.75 3.75) (layer F.CrtYd) (width 0.05))
    (fp_line (start -2.5 3.5) (end -2.5 -4.1) (layer F.Fab) (width 0.1))
    (fp_line (start -2.5 -4.1) (end 7.6 -4.1) (layer F.Fab) (width 0.1))
    (fp_line (start 7.6 -4.1) (end 7.6 3.5) (layer F.Fab) (width 0.1))
    (fp_line (start 7.6 3.5) (end -2.5 3.5) (layer F.Fab) (width 0.1))
    (fp_line (start 0 3.5) (end 7.6 3.5) (layer F.SilkS) (width 0.2))
    (fp_line (start 7.6 3.5) (end 7.6 -4.1) (layer F.SilkS) (width 0.2))
    (fp_line (start 7.6 -4.1) (end -2.5 -4.1) (layer F.SilkS) (width 0.2))
    (fp_line (start -2.5 -4.1) (end -2.5 0) (layer F.SilkS) (width 0.2))
    (fp_text user %R (at 0 0 90) (layer F.Fab)
      (effects (font (size 1.27 1.27) (thickness 0.254)))
    )
    (pad 1 thru_hole rect (at 0 0 270) (size 1.8 1.8) (drill 1.2) (layers *.Cu *.Mask)
      (net 8 /water_voltage))
    (pad 2 thru_hole circle (at 5 0 270) (size 1.8 1.8) (drill 1.2) (layers *.Cu *.Mask)
      (net 2 GND))
    (model D:\kicad\Libraries\SamacSys_Parts.3dshapes\691137710002.stp
      (at (xyz 0 0 0))
      (scale (xyz 1 1 1))
      (rotate (xyz 0 0 0))
    )
  )

  (module Connector_PinHeader_2.54mm:PinHeader_1x06_P2.54mm_Vertical (layer F.Cu) (tedit 59FED5CC) (tstamp 60D66871)
    (at 169.7228 87.3506 270)
    (descr "Through hole straight pin header, 1x06, 2.54mm pitch, single row")
    (tags "Through hole pin header THT 1x06 2.54mm single row")
    (path /60CBA1FD)
    (fp_text reference J5 (at 0 -2.33 90) (layer F.SilkS)
      (effects (font (size 1 1) (thickness 0.15)))
    )
