(kicad_pcb (version 20171130) (host pcbnew "(5.1.8-0-10_14)")

  (general
    (thickness 1.6002)
    (drawings 21)
    (tracks 267)
    (zones 0)
    (modules 46)
    (nets 34)
  )

  (page A4)
  (layers
    (0 F.Cu signal)
    (1 In1.Cu power hide)
    (2 In2.Cu power hide)
    (31 B.Cu signal hide)
    (36 B.SilkS user hide)
    (37 F.SilkS user)
    (38 B.Mask user hide)
    (39 F.Mask user hide)
    (41 Cmts.User user hide)
    (44 Edge.Cuts user)
    (45 Margin user hide)
    (46 B.CrtYd user hide)
    (47 F.CrtYd user hide)
  )

  (setup
    (last_trace_width 0.762)
    (user_trace_width 0.254)
    (user_trace_width 0.508)
    (user_trace_width 0.762)
    (user_trace_width 1.27)
    (trace_clearance 0.254)
    (zone_clearance 0.508)
    (zone_45_only yes)
    (trace_min 0.254)
    (via_size 0.5588)
    (via_drill 0.254)
    (via_min_size 0.5588)
    (via_min_drill 0.254)
    (user_via 0.762 0.381)
    (uvia_size 0.5588)
    (uvia_drill 0.254)
    (uvias_allowed no)
    (uvia_min_size 0.5588)
    (uvia_min_drill 0.254)
    (edge_width 0.05)
    (segment_width 0.2)
    (pcb_text_width 0.3)
    (pcb_text_size 1.5 1.5)
    (mod_edge_width 0.12)
    (mod_text_size 1 1)
    (mod_text_width 0.15)
    (pad_size 0.9 1.5)
    (pad_drill 0)
    (pad_to_mask_clearance 0.0508)
    (aux_axis_origin 0 0)
    (visible_elements FFFFFF7F)
    (pcbplotparams
      (layerselection 0x010f0_ffffffff)
      (usegerberextensions true)
      (usegerberattributes false)
      (usegerberadvancedattributes false)
      (creategerberjobfile false)
      (excludeedgelayer true)
      (linewidth 0.100000)
      (plotframeref false)
      (viasonmask false)
      (mode 1)
      (useauxorigin false)
      (hpglpennumber 1)
      (hpglpenspeed 20)
      (hpglpendiameter 15.000000)
      (psnegative false)
      (psa4output false)
      (plotreference true)
      (plotvalue false)
      (plotinvisibletext false)
      (padsonsilk false)
      (subtractmaskfromsilk true)
      (outputformat 1)
      (mirror false)
      (drillshape 0)
      (scaleselection 1)
      (outputdirectory "gerbers/"))
  )

  (net 0 "")
  (net 1 +3V3)
  (net 2 GND)
  (net 3 +12V)
  (net 4 "Net-(C7-Pad2)")
  (net 5 /ESP_EN)
  (net 6 /CTS_NC)
  (net 7 /RTS_NC)
  (net 8 /ESP_TXD)
  (net 9 /ESP_RXD)
  (net 10 /U2_SW)
  (net 11 /U2_BST)
  (net 12 /U2_SS)
  (net 13 /U2_COMP)
  (net 14 /U2_FB)
  (net 15 /U2_EN)
  (net 16 /PWM0_D)
  (net 17 /PWM1_D)
  (net 18 /PWM0)
  (net 19 /PWM1)
  (net 20 /GPIO2)
  (net 21 /GPIO9)
  (net 22 /PWM2_D)
  (net 23 /PWM3_D)
  (net 24 /PWM2)
  (net 25 /PWM3)
  (net 26 /GPIO8)
  (net 27 /GPIO10_NC)
  (net 28 /GPIO18_NC)
  (net 29 /GPIO19_NC)
  (net 30 /GPIO3_NC)
  (net 31 /GPIO1_NC)
  (net 32 /GPIO0_NC)
  (net 33 "Net-(F1-Pad1)")

  (net_class Default "This is the default net class."
    (clearance 0.254)
    (trace_width 0.254)
    (via_dia 0.5588)
    (via_drill 0.254)
    (uvia_dia 0.5588)
    (uvia_drill 0.254)
    (diff_pair_width 0.254)
    (diff_pair_gap 0.254)
    (add_net /CTS_NC)
    (add_net /ESP_EN)
    (add_net /ESP_RXD)
    (add_net /ESP_TXD)
    (add_net /GPIO0_NC)
    (add_net /GPIO10_NC)
    (add_net /GPIO18_NC)
    (add_net /GPIO19_NC)
    (add_net /GPIO1_NC)
    (add_net /GPIO2)
    (add_net /GPIO3_NC)
    (add_net /GPIO8)
    (add_net /GPIO9)
    (add_net /PWM0)
    (add_net /PWM1)
    (add_net /PWM2)
    (add_net /PWM3)
    (add_net /RTS_NC)
    (add_net /U2_BST)
    (add_net /U2_COMP)
    (add_net /U2_EN)
    (add_net /U2_FB)
    (add_net /U2_SS)
    (add_net /U2_SW)
    (add_net "Net-(C7-Pad2)")
  )

  (net_class Power ""
    (clearance 0.508)
    (trace_width 0.508)
    (via_dia 0.762)
    (via_drill 0.508)
    (uvia_dia 0.5588)
    (uvia_drill 0.254)
    (diff_pair_width 0.254)
    (diff_pair_gap 0.254)
    (add_net +12V)
    (add_net +3V3)
    (add_net /PWM0_D)
    (add_net /PWM1_D)
    (add_net /PWM2_D)
    (add_net /PWM3_D)
    (add_net GND)
    (add_net "Net-(F1-Pad1)")
  )

  (module SamacSys_Parts:ESP32C3WROOM02H4 (layer F.Cu) (tedit 612D8D2F) (tstamp 612DDDA2)
    (at 231.787 96.9656)
    (descr ESP32-C3-WROOM-02-H4-3)
    (tags "Integrated Circuit")
    (path /612E102F)
    (attr smd)
    (fp_text reference U1 (at 9.5 -10) (layer F.SilkS)
      (effects (font (size 1.27 1.27) (thickness 0.254)))
    )
    (fp_text value ESP32-C3-WROOM-02-H4 (at 9.5 -10) (layer F.SilkS) hide
      (effects (font (size 1.27 1.27) (thickness 0.254)))
    )
    (fp_line (start -0.5 -12.9) (end -0.5 -12.9) (layer F.SilkS) (width 0.1))
    (fp_line (start -0.5 -12.8) (end -0.5 -12.8) (layer F.SilkS) (width 0.1))
    (fp_line (start 2.5 0) (end 16.5 0) (layer F.SilkS) (width 0.2))
    (fp_line (start 18.5 -20) (end 18.5 -14) (layer F.SilkS) (width 0.2))
    (fp_line (start 0.5 -20) (end 18.5 -20) (layer F.SilkS) (width 0.2))
    (fp_line (start 0.5 -14) (end 0.5 -20) (layer F.SilkS) (width 0.2))
    (fp_line (start -1 1) (end -1 -21) (layer F.CrtYd) (width 0.1))
    (fp_line (start 20 1) (end -1 1) (layer F.CrtYd) (width 0.1))
    (fp_line (start 20 -21) (end 20 1) (layer F.CrtYd) (width 0.1))
    (fp_line (start -1 -21) (end 20 -21) (layer F.CrtYd) (width 0.1))
    (fp_line (start 0.5 -20) (end 0.5 0) (layer F.Fab) (width 0.1))
    (fp_line (start 18.5 -20) (end 0.5 -20) (layer F.Fab) (width 0.1))
    (fp_line (start 18.5 0) (end 18.5 -20) (layer F.Fab) (width 0.1))
    (fp_line (start 0.5 0) (end 18.5 0) (layer F.Fab) (width 0.1))
    (fp_text user %R (at 9.5 -10) (layer F.Fab)
      (effects (font (size 1.27 1.27) (thickness 0.254)))
    )
    (fp_arc (start -0.5 -12.85) (end -0.5 -12.8) (angle -180) (layer F.SilkS) (width 0.1))
    (fp_arc (start -0.5 -12.85) (end -0.5 -12.9) (angle -180) (layer F.SilkS) (width 0.1))
    (pad 1 smd rect (at 0.75 -12.9 90) (size 0.9 1.5) (layers F.Cu F.Paste F.Mask)
      (net 1 +3V3))
    (pad 2 smd rect (at 0.75 -11.4 90) (size 0.9 1.5) (layers F.Cu F.Paste F.Mask)
      (net 5 /ESP_EN))
    (pad 3 smd rect (at 0.75 -9.9 90) (size 0.9 1.5) (layers F.Cu F.Paste F.Mask)
      (net 25 /PWM3))
    (pad 4 smd rect (at 0.75 -8.4 90) (size 0.9 1.5) (layers F.Cu F.Paste F.Mask)
      (net 24 /PWM2))
    (pad 5 smd rect (at 0.75 -6.9 90) (size 0.9 1.5) (layers F.Cu F.Paste F.Mask)
      (net 19 /PWM1))
    (pad 6 smd rect (at 0.75 -5.4 90) (size 0.9 1.5) (layers F.Cu F.Paste F.Mask)
      (net 18 /PWM0))
    (pad 7 smd rect (at 0.75 -3.9 90) (size 0.9 1.5) (layers F.Cu F.Paste F.Mask)
      (net 26 /GPIO8))
    (pad 8 smd rect (at 0.75 -2.4 90) (size 0.9 1.5) (layers F.Cu F.Paste F.Mask)
      (net 21 /GPIO9))
    (pad 9 smd rect (at 0.75 -0.9 90) (size 0.9 1.5) (layers F.Cu F.Paste F.Mask)
      (net 2 GND))
    (pad 10 smd rect (at 18.25 -0.9 90) (size 0.9 1.5) (layers F.Cu F.Paste F.Mask)
      (net 27 /GPIO10_NC))
    (pad 11 smd rect (at 18.25 -2.4 90) (size 0.9 1.5) (layers F.Cu F.Paste F.Mask)
      (net 9 /ESP_RXD))
    (pad 12 smd rect (at 18.25 -3.9 90) (size 0.9 1.5) (layers F.Cu F.Paste F.Mask)
      (net 8 /ESP_TXD))
    (pad 13 smd rect (at 18.25 -5.4 90) (size 0.9 1.5) (layers F.Cu F.Paste F.Mask)
      (net 28 /GPIO18_NC))
    (pad 14 smd rect (at 18.25 -6.9 90) (size 0.9 1.5) (layers F.Cu F.Paste F.Mask)
      (net 29 /GPIO19_NC))
    (pad 15 smd rect (at 18.25 -8.4 90) (size 0.9 1.5) (layers F.Cu F.Paste F.Mask)
      (net 30 /GPIO3_NC))
    (pad 16 smd rect (at 18.25 -9.9 90) (size 0.9 1.5) (layers F.Cu F.Paste F.Mask)
      (net 20 /GPIO2))
    (pad 17 smd rect (at 18.25 -11.4 90) (size 0.9 1.5) (layers F.Cu F.Paste F.Mask)
      (net 31 /GPIO1_NC))
    (pad 18 smd rect (at 18.25 -12.9 90) (size 0.9 1.5) (layers F.Cu F.Paste F.Mask)
      (net 32 /GPIO0_NC))
    (model D:\kicad\Libraries\SamacSys_Parts.3dshapes\ESP32-C3-WROOM-02-H4.stp
      (at (xyz 0 0 0))
      (scale (xyz 1 1 1))
      (rotate (xyz 0 0 0))
    )
  )

  (module MountingHole:MountingHole_2.7mm_M2.5 locked (layer F.Cu) (tedit 611050A1) (tstamp 60E50660)
    (at 252.73 125.73 90)
    (descr "Mounting Hole 2.7mm, no annular, M2.5")
    (tags "mounting hole 2.7mm no annular m2.5")
    (path /60EC4763)
    (attr virtual)
    (fp_text reference H2 (at 0 -4.2 90) (layer F.SilkS) hide
      (effects (font (size 1 1) (thickness 0.15)))
    )
    (fp_text value MountingHole (at 0 4.2 90) (layer F.Fab)
      (effects (font (size 1 1) (thickness 0.15)))
    )
    (fp_circle (center 0 0) (end 2.95 0) (layer F.CrtYd) (width 0.05))
    (fp_circle (center 0 0) (end 2.7 0) (layer Cmts.User) (width 0.15))
    (fp_text user %R (at 0.3 0 90) (layer F.Fab)
      (effects (font (size 1 1) (thickness 0.15)))
    )
    (pad "" np_thru_hole circle (at 0 0 90) (size 2.7 2.7) (drill 2.54) (layers *.Cu *.Mask)
      (solder_mask_margin 0.508) (clearance 2.54))
  )

  (module Capacitor_SMD:C_0805_2012Metric_Pad1.18x1.45mm_HandSolder (layer F.Cu) (tedit 5F68FEEF) (tstamp 60D66F35)
    (at 208.1276 87.0712 90)
    (descr "Capacitor SMD 0805 (2012 Metric), square (rectangular) end terminal, IPC_7351 nominal with elongated pad for handsoldering. (Body size source: IPC-SM-782 page 76, https://www.pcb-3d.com/wordpress/wp-content/uploads/ipc-sm-782a_amendment_1_and_2.pdf, https://docs.google.com/spreadsheets/d/1BsfQQcO9C6DZCsRaXUlFlo91Tg2WpOkGARC1WS5S8t0/edit?usp=sharing), generated with kicad-footprint-generator")
    (tags "capacitor handsolder")
    (path /60E34EEA)
    (attr smd)
    (fp_text reference C2 (at 0 -1.68 90) (layer F.SilkS)
      (effects (font (size 1 1) (thickness 0.15)))
    )
    (fp_text value 22uF (at 0 1.68 90) (layer F.Fab)
      (effects (font (size 1 1) (thickness 0.15)))
    )
    (fp_line (start 1.88 0.98) (end -1.88 0.98) (layer F.CrtYd) (width 0.05))
    (fp_line (start 1.88 -0.98) (end 1.88 0.98) (layer F.CrtYd) (width 0.05))
    (fp_line (start -1.88 -0.98) (end 1.88 -0.98) (layer F.CrtYd) (width 0.05))
    (fp_line (start -1.88 0.98) (end -1.88 -0.98) (layer F.CrtYd) (width 0.05))
    (fp_line (start -0.261252 0.735) (end 0.261252 0.735) (layer F.SilkS) (width 0.12))
    (fp_line (start -0.261252 -0.735) (end 0.261252 -0.735) (layer F.SilkS) (width 0.12))
    (fp_line (start 1 0.625) (end -1 0.625) (layer F.Fab) (width 0.1))
    (fp_line (start 1 -0.625) (end 1 0.625) (layer F.Fab) (width 0.1))
    (fp_line (start -1 -0.625) (end 1 -0.625) (layer F.Fab) (width 0.1))
    (fp_line (start -1 0.625) (end -1 -0.625) (layer F.Fab) (width 0.1))
    (fp_text user %R (at 0 0 90) (layer F.Fab)
      (effects (font (size 0.5 0.5) (thickness 0.08)))
    )
    (pad 2 smd roundrect (at 1.0375 0 90) (size 1.175 1.45) (layers F.Cu F.Paste F.Mask) (roundrect_rratio 0.2127659574468085)
      (net 2 GND))
    (pad 1 smd roundrect (at -1.0375 0 90) (size 1.175 1.45) (layers F.Cu F.Paste F.Mask) (roundrect_rratio 0.2127659574468085)
      (net 1 +3V3))
    (model ${KISYS3DMOD}/Capacitor_SMD.3dshapes/C_0805_2012Metric.wrl
      (at (xyz 0 0 0))
      (scale (xyz 1 1 1))
      (rotate (xyz 0 0 0))
    )
  )

  (module Capacitor_SMD:C_0805_2012Metric_Pad1.18x1.45mm_HandSolder (layer F.Cu) (tedit 5F68FEEF) (tstamp 610CF02B)
    (at 214.5284 100.1776 90)
    (descr "Capacitor SMD 0805 (2012 Metric), square (rectangular) end terminal, IPC_7351 nominal with elongated pad for handsoldering. (Body size source: IPC-SM-782 page 76, https://www.pcb-3d.com/wordpress/wp-content/uploads/ipc-sm-782a_amendment_1_and_2.pdf, https://docs.google.com/spreadsheets/d/1BsfQQcO9C6DZCsRaXUlFlo91Tg2WpOkGARC1WS5S8t0/edit?usp=sharing), generated with kicad-footprint-generator")
    (tags "capacitor handsolder")
    (path /60D554E0)
    (attr smd)
    (fp_text reference C3 (at -0.7278 1.8034 90) (layer F.SilkS)
      (effects (font (size 1 1) (thickness 0.15)))
    )
    (fp_text value 10nF (at 0 1.68 90) (layer F.Fab)
      (effects (font (size 1 1) (thickness 0.15)))
    )
    (fp_line (start -1 0.625) (end -1 -0.625) (layer F.Fab) (width 0.1))
    (fp_line (start -1 -0.625) (end 1 -0.625) (layer F.Fab) (width 0.1))
    (fp_line (start 1 -0.625) (end 1 0.625) (layer F.Fab) (width 0.1))
    (fp_line (start 1 0.625) (end -1 0.625) (layer F.Fab) (width 0.1))
    (fp_line (start -0.261252 -0.735) (end 0.261252 -0.735) (layer F.SilkS) (width 0.12))
    (fp_line (start -0.261252 0.735) (end 0.261252 0.735) (layer F.SilkS) (width 0.12))
    (fp_line (start -1.88 0.98) (end -1.88 -0.98) (layer F.CrtYd) (width 0.05))
    (fp_line (start -1.88 -0.98) (end 1.88 -0.98) (layer F.CrtYd) (width 0.05))
    (fp_line (start 1.88 -0.98) (end 1.88 0.98) (layer F.CrtYd) (width 0.05))
    (fp_line (start 1.88 0.98) (end -1.88 0.98) (layer F.CrtYd) (width 0.05))
    (fp_text user %R (at 0 0 90) (layer F.Fab)
      (effects (font (size 0.5 0.5) (thickness 0.08)))
    )
    (pad 1 smd roundrect (at -1.0375 0 90) (size 1.175 1.45) (layers F.Cu F.Paste F.Mask) (roundrect_rratio 0.2127659574468085)
      (net 11 /U2_BST))
    (pad 2 smd roundrect (at 1.0375 0 90) (size 1.175 1.45) (layers F.Cu F.Paste F.Mask) (roundrect_rratio 0.2127659574468085)
      (net 10 /U2_SW))
    (model ${KISYS3DMOD}/Capacitor_SMD.3dshapes/C_0805_2012Metric.wrl
      (at (xyz 0 0 0))
      (scale (xyz 1 1 1))
      (rotate (xyz 0 0 0))
    )
  )

  (module Capacitor_SMD:C_0805_2012Metric_Pad1.18x1.45mm_HandSolder (layer F.Cu) (tedit 5F68FEEF) (tstamp 60D777B8)
    (at 216.154 107.2896)
    (descr "Capacitor SMD 0805 (2012 Metric), square (rectangular) end terminal, IPC_7351 nominal with elongated pad for handsoldering. (Body size source: IPC-SM-782 page 76, https://www.pcb-3d.com/wordpress/wp-content/uploads/ipc-sm-782a_amendment_1_and_2.pdf, https://docs.google.com/spreadsheets/d/1BsfQQcO9C6DZCsRaXUlFlo91Tg2WpOkGARC1WS5S8t0/edit?usp=sharing), generated with kicad-footprint-generator")
    (tags "capacitor handsolder")
    (path /60E6B0C9)
    (attr smd)
    (fp_text reference C5 (at 3.3274 0.0762) (layer F.SilkS)
      (effects (font (size 1 1) (thickness 0.15)))
    )
    (fp_text value 10uF (at 0 1.68) (layer F.Fab)
      (effects (font (size 1 1) (thickness 0.15)))
    )
    (fp_line (start 1.88 0.98) (end -1.88 0.98) (layer F.CrtYd) (width 0.05))
    (fp_line (start 1.88 -0.98) (end 1.88 0.98) (layer F.CrtYd) (width 0.05))
    (fp_line (start -1.88 -0.98) (end 1.88 -0.98) (layer F.CrtYd) (width 0.05))
    (fp_line (start -1.88 0.98) (end -1.88 -0.98) (layer F.CrtYd) (width 0.05))
    (fp_line (start -0.261252 0.735) (end 0.261252 0.735) (layer F.SilkS) (width 0.12))
    (fp_line (start -0.261252 -0.735) (end 0.261252 -0.735) (layer F.SilkS) (width 0.12))
    (fp_line (start 1 0.625) (end -1 0.625) (layer F.Fab) (width 0.1))
    (fp_line (start 1 -0.625) (end 1 0.625) (layer F.Fab) (width 0.1))
    (fp_line (start -1 -0.625) (end 1 -0.625) (layer F.Fab) (width 0.1))
    (fp_line (start -1 0.625) (end -1 -0.625) (layer F.Fab) (width 0.1))
    (fp_text user %R (at 0 0) (layer F.Fab)
      (effects (font (size 0.5 0.5) (thickness 0.08)))
    )
    (pad 2 smd roundrect (at 1.0375 0) (size 1.175 1.45) (layers F.Cu F.Paste F.Mask) (roundrect_rratio 0.2127659574468085)
      (net 2 GND))
    (pad 1 smd roundrect (at -1.0375 0) (size 1.175 1.45) (layers F.Cu F.Paste F.Mask) (roundrect_rratio 0.2127659574468085)
      (net 3 +12V))
    (model ${KISYS3DMOD}/Capacitor_SMD.3dshapes/C_0805_2012Metric.wrl
      (at (xyz 0 0 0))
      (scale (xyz 1 1 1))
      (rotate (xyz 0 0 0))
    )
  )

  (module Capacitor_SMD:C_0805_2012Metric_Pad1.18x1.45mm_HandSolder (layer F.Cu) (tedit 5F68FEEF) (tstamp 60D66F65)
    (at 214.8625 109.982)
    (descr "Capacitor SMD 0805 (2012 Metric), square (rectangular) end terminal, IPC_7351 nominal with elongated pad for handsoldering. (Body size source: IPC-SM-782 page 76, https://www.pcb-3d.com/wordpress/wp-content/uploads/ipc-sm-782a_amendment_1_and_2.pdf, https://docs.google.com/spreadsheets/d/1BsfQQcO9C6DZCsRaXUlFlo91Tg2WpOkGARC1WS5S8t0/edit?usp=sharing), generated with kicad-footprint-generator")
    (tags "capacitor handsolder")
    (path /60D59F00)
    (attr smd)
    (fp_text reference C6 (at 0.5295 1.9812) (layer F.SilkS)
      (effects (font (size 1 1) (thickness 0.15)))
    )
    (fp_text value 0.1uF (at 0 1.68) (layer F.Fab)
      (effects (font (size 1 1) (thickness 0.15)))
    )
    (fp_line (start 1.88 0.98) (end -1.88 0.98) (layer F.CrtYd) (width 0.05))
    (fp_line (start 1.88 -0.98) (end 1.88 0.98) (layer F.CrtYd) (width 0.05))
    (fp_line (start -1.88 -0.98) (end 1.88 -0.98) (layer F.CrtYd) (width 0.05))
    (fp_line (start -1.88 0.98) (end -1.88 -0.98) (layer F.CrtYd) (width 0.05))
    (fp_line (start -0.261252 0.735) (end 0.261252 0.735) (layer F.SilkS) (width 0.12))
    (fp_line (start -0.261252 -0.735) (end 0.261252 -0.735) (layer F.SilkS) (width 0.12))
    (fp_line (start 1 0.625) (end -1 0.625) (layer F.Fab) (width 0.1))
    (fp_line (start 1 -0.625) (end 1 0.625) (layer F.Fab) (width 0.1))
    (fp_line (start -1 -0.625) (end 1 -0.625) (layer F.Fab) (width 0.1))
    (fp_line (start -1 0.625) (end -1 -0.625) (layer F.Fab) (width 0.1))
    (fp_text user %R (at 0 0) (layer F.Fab)
      (effects (font (size 0.5 0.5) (thickness 0.08)))
    )
    (pad 2 smd roundrect (at 1.0375 0) (size 1.175 1.45) (layers F.Cu F.Paste F.Mask) (roundrect_rratio 0.2127659574468085)
      (net 2 GND))
    (pad 1 smd roundrect (at -1.0375 0) (size 1.175 1.45) (layers F.Cu F.Paste F.Mask) (roundrect_rratio 0.2127659574468085)
      (net 12 /U2_SS))
    (model ${KISYS3DMOD}/Capacitor_SMD.3dshapes/C_0805_2012Metric.wrl
      (at (xyz 0 0 0))
      (scale (xyz 1 1 1))
      (rotate (xyz 0 0 0))
    )
  )

  (module Capacitor_SMD:C_0805_2012Metric_Pad1.18x1.45mm_HandSolder (layer F.Cu) (tedit 5F68FEEF) (tstamp 61172BF3)
    (at 208.1276 111.6076 270)
    (descr "Capacitor SMD 0805 (2012 Metric), square (rectangular) end terminal, IPC_7351 nominal with elongated pad for handsoldering. (Body size source: IPC-SM-782 page 76, https://www.pcb-3d.com/wordpress/wp-content/uploads/ipc-sm-782a_amendment_1_and_2.pdf, https://docs.google.com/spreadsheets/d/1BsfQQcO9C6DZCsRaXUlFlo91Tg2WpOkGARC1WS5S8t0/edit?usp=sharing), generated with kicad-footprint-generator")
    (tags "capacitor handsolder")
    (path /60D6C313)
    (attr smd)
    (fp_text reference C7 (at -2.6924 0.0254 270) (layer F.SilkS)
      (effects (font (size 1 1) (thickness 0.15)))
    )
    (fp_text value 6.8nF (at 0 1.68 90) (layer F.Fab)
      (effects (font (size 1 1) (thickness 0.15)))
    )
    (fp_line (start -1 0.625) (end -1 -0.625) (layer F.Fab) (width 0.1))
    (fp_line (start -1 -0.625) (end 1 -0.625) (layer F.Fab) (width 0.1))
    (fp_line (start 1 -0.625) (end 1 0.625) (layer F.Fab) (width 0.1))
    (fp_line (start 1 0.625) (end -1 0.625) (layer F.Fab) (width 0.1))
    (fp_line (start -0.261252 -0.735) (end 0.261252 -0.735) (layer F.SilkS) (width 0.12))
    (fp_line (start -0.261252 0.735) (end 0.261252 0.735) (layer F.SilkS) (width 0.12))
    (fp_line (start -1.88 0.98) (end -1.88 -0.98) (layer F.CrtYd) (width 0.05))
    (fp_line (start -1.88 -0.98) (end 1.88 -0.98) (layer F.CrtYd) (width 0.05))
    (fp_line (start 1.88 -0.98) (end 1.88 0.98) (layer F.CrtYd) (width 0.05))
    (fp_line (start 1.88 0.98) (end -1.88 0.98) (layer F.CrtYd) (width 0.05))
    (fp_text user %R (at 0 0 90) (layer F.Fab)
      (effects (font (size 0.5 0.5) (thickness 0.08)))
    )
    (pad 1 smd roundrect (at -1.0375 0 270) (size 1.175 1.45) (layers F.Cu F.Paste F.Mask) (roundrect_rratio 0.2127659574468085)
      (net 13 /U2_COMP))
    (pad 2 smd roundrect (at 1.0375 0 270) (size 1.175 1.45) (layers F.Cu F.Paste F.Mask) (roundrect_rratio 0.2127659574468085)
      (net 4 "Net-(C7-Pad2)"))
    (model ${KISYS3DMOD}/Capacitor_SMD.3dshapes/C_0805_2012Metric.wrl
      (at (xyz 0 0 0))
      (scale (xyz 1 1 1))
      (rotate (xyz 0 0 0))
    )
  )

  (module SamacSys_Parts:SHDR2W70P0X500_1X2_1000X750X1160P (layer F.Cu) (tedit 0) (tstamp 610C85CD)
    (at 213.44 126.6444)
    (descr 64900221122)
    (tags Connector)
    (path /61192815)
    (fp_text reference J2 (at 8.8646 -0.0762 270) (layer F.SilkS)
      (effects (font (size 1.27 1.27) (thickness 0.254)))
    )
    (fp_text value 691137710002 (at 0 0) (layer F.SilkS) hide
      (effects (font (size 1.27 1.27) (thickness 0.254)))
    )
    (fp_line (start -2.5 -4.1) (end -2.5 0) (layer F.SilkS) (width 0.2))
    (fp_line (start 7.6 -4.1) (end -2.5 -4.1) (layer F.SilkS) (width 0.2))
    (fp_line (start 7.6 3.5) (end 7.6 -4.1) (layer F.SilkS) (width 0.2))
    (fp_line (start 0 3.5) (end 7.6 3.5) (layer F.SilkS) (width 0.2))
    (fp_line (start 7.6 3.5) (end -2.5 3.5) (layer F.Fab) (width 0.1))
    (fp_line (start 7.6 -4.1) (end 7.6 3.5) (layer F.Fab) (width 0.1))
    (fp_line (start -2.5 -4.1) (end 7.6 -4.1) (layer F.Fab) (width 0.1))
    (fp_line (start -2.5 3.5) (end -2.5 -4.1) (layer F.Fab) (width 0.1))
    (fp_line (start 7.85 3.75) (end -2.75 3.75) (layer F.CrtYd) (width 0.05))
    (fp_line (start 7.85 -4.35) (end 7.85 3.75) (layer F.CrtYd) (width 0.05))
    (fp_line (start -2.75 -4.35) (end 7.85 -4.35) (layer F.CrtYd) (width 0.05))
    (fp_line (start -2.75 3.75) (end -2.75 -4.35) (layer F.CrtYd) (width 0.05))
    (fp_text user %R (at 0 0) (layer F.Fab)
      (effects (font (size 1.27 1.27) (thickness 0.254)))
    )
    (pad 2 thru_hole circle (at 5 0) (size 1.8 1.8) (drill 1.2) (layers *.Cu *.Mask)
      (net 2 GND))
    (pad 1 thru_hole rect (at 0 0) (size 1.8 1.8) (drill 1.2) (layers *.Cu *.Mask)
      (net 33 "Net-(F1-Pad1)"))
    (model D:\kicad\Libraries\SamacSys_Parts.3dshapes\691137710002.stp
      (at (xyz 0 0 0))
      (scale (xyz 1 1 1))
      (rotate (xyz 0 0 0))
    )
  )

  (module Connector_PinHeader_2.54mm:PinHeader_1x06_P2.54mm_Vertical (layer F.Cu) (tedit 59FED5CC) (tstamp 60D66871)
    (at 254.9652 85.2424)
    (descr "Through hole straight pin header, 1x06, 2.54mm pitch, single row")
    (tags "Through hole pin header THT 1x06 2.54mm single row")
    (path /60CBA1FD)
    (fp_text reference J5 (at -2.3876 13.1318) (layer F.SilkS)
      (effects (font (size 1 1) (thickness 0.15)))
    )
    (fp_text value Conn_01x06_Female (at 0 15.03) (layer F.Fab)
      (effects (font (size 1 1) (thickness 0.15)))
    )
    (fp_line (start 1.8 -1.8) (end -1.8 -1.8) (layer F.CrtYd) (width 0.05))
    (fp_line (start 1.8 14.5) (end 1.8 -1.8) (layer F.CrtYd) (width 0.05))
    (fp_line (start -1.8 14.5) (end 1.8 14.5) (layer F.CrtYd) (width 0.05))
    (fp_line (start -1.8 -1.8) (end -1.8 14.5) (layer F.CrtYd) (width 0.05))
    (fp_line (start -1.33 -1.33) (end 0 -1.33) (layer F.SilkS) (width 0.12))
    (fp_line (start -1.33 0) (end -1.33 -1.33) (layer F.SilkS) (width 0.12))
    (fp_line (start -1.33 1.27) (end 1.33 1.27) (layer F.SilkS) (width 0.12))
    (fp_line (start 1.33 1.27) (end 1.33 14.03) (layer F.SilkS) (width 0.12))
    (fp_line (start -1.33 1.27) (end -1.33 14.03) (layer F.SilkS) (width 0.12))
    (fp_line (start -1.33 14.03) (end 1.33 14.03) (layer F.SilkS) (width 0.12))
    (fp_line (start -1.27 -0.635) (end -0.635 -1.27) (layer F.Fab) (width 0.1))
    (fp_line (start -1.27 13.97) (end -1.27 -0.635) (layer F.Fab) (width 0.1))
    (fp_line (start 1.27 13.97) (end -1.27 13.97) (layer F.Fab) (width 0.1))
    (fp_line (start 1.27 -1.27) (end 1.27 13.97) (layer F.Fab) (width 0.1))
    (fp_line (start -0.635 -1.27) (end 1.27 -1.27) (layer F.Fab) (width 0.1))
    (fp_text user %R (at 0 6.35 -270) (layer F.Fab)
      (effects (font (size 1 1) (thickness 0.15)))
    )
    (pad 6 thru_hole oval (at 0 12.7) (size 1.7 1.7) (drill 1) (layers *.Cu *.Mask)
      (net 6 /CTS_NC))
    (pad 5 thru_hole oval (at 0 10.16) (size 1.7 1.7) (drill 1) (layers *.Cu *.Mask)
      (net 7 /RTS_NC))
    (pad 4 thru_hole oval (at 0 7.62) (size 1.7 1.7) (drill 1) (layers *.Cu *.Mask)
      (net 8 /ESP_TXD))
    (pad 3 thru_hole oval (at 0 5.08) (size 1.7 1.7) (drill 1) (layers *.Cu *.Mask)
      (net 9 /ESP_RXD))
    (pad 2 thru_hole oval (at 0 2.54) (size 1.7 1.7) (drill 1) (layers *.Cu *.Mask)
      (net 2 GND))
    (pad 1 thru_hole rect (at 0 0) (size 1.7 1.7) (drill 1) (layers *.Cu *.Mask)
      (net 1 +3V3))
    (model ${KISYS3DMOD}/Connector_PinHeader_2.54mm.3dshapes/PinHeader_1x06_P2.54mm_Vertical.wrl
      (at (xyz 0 0 0))
      (scale (xyz 1 1 1))
      (rotate (xyz 0 0 0))
    )
  )

  (module SamacSys_Parts:NRS6045T101MMGKV (layer F.Cu) (tedit 0) (tstamp 60D66FF9)
    (at 210.0072 94.3864 270)
    (descr NRS6045T101MMGKV)
    (tags Inductor)
    (path /60D49D78)
    (attr smd)
    (fp_text reference L1 (at 0.075 0 90) (layer F.SilkS)
      (effects (font (size 1.27 1.27) (thickness 0.254)))
    )
    (fp_text value NRS6045T100MMGK (at 0.075 0 90) (layer F.SilkS) hide
      (effects (font (size 1.27 1.27) (thickness 0.254)))
    )
    (fp_line (start -2.7 -3) (end 3.3 -3) (layer F.Fab) (width 0.2))
    (fp_line (start 3.3 -3) (end 3.3 3) (layer F.Fab) (width 0.2))
    (fp_line (start 3.3 3) (end -2.7 3) (layer F.Fab) (width 0.2))
    (fp_line (start -2.7 3) (end -2.7 -3) (layer F.Fab) (width 0.2))
    (fp_line (start -4.3 -4) (end 4.45 -4) (layer F.CrtYd) (width 0.1))
    (fp_line (start 4.45 -4) (end 4.45 4) (layer F.CrtYd) (width 0.1))
    (fp_line (start 4.45 4) (end -4.3 4) (layer F.CrtYd) (width 0.1))
    (fp_line (start -4.3 4) (end -4.3 -4) (layer F.CrtYd) (width 0.1))
    (fp_line (start -2.7 -3) (end 3.3 -3) (layer F.SilkS) (width 0.1))
    (fp_line (start -2.7 3) (end 3.3 3) (layer F.SilkS) (width 0.1))
    (fp_line (start -3.2 0) (end -3.2 0) (layer F.SilkS) (width 0.1))
    (fp_line (start -3.3 0) (end -3.3 0) (layer F.SilkS) (width 0.1))
    (fp_text user %R (at 0.075 0 90) (layer F.Fab)
      (effects (font (size 1.27 1.27) (thickness 0.254)))
    )
    (fp_arc (start -3.25 0) (end -3.2 0) (angle 180) (layer F.SilkS) (width 0.1))
    (fp_arc (start -3.25 0) (end -3.3 0) (angle 180) (layer F.SilkS) (width 0.1))
    (pad 1 smd rect (at -2.05 0) (size 5.7 1.6) (layers F.Cu F.Paste F.Mask)
      (net 1 +3V3))
    (pad 2 smd rect (at 2.65 0) (size 5.7 1.6) (layers F.Cu F.Paste F.Mask)
      (net 10 /U2_SW))
    (model D:\kicad\Libraries\SamacSys_Parts.3dshapes\NRS6045T100MMGK.stp
      (at (xyz 0 0 0))
      (scale (xyz 1 1 1))
      (rotate (xyz 0 0 0))
    )
  )

  (module Resistor_SMD:R_0805_2012Metric_Pad1.20x1.40mm_HandSolder (layer F.Cu) (tedit 5F68FEEE) (tstamp 60D66EA5)
    (at 205.4352 100.838 270)
    (descr "Resistor SMD 0805 (2012 Metric), square (rectangular) end terminal, IPC_7351 nominal with elongated pad for handsoldering. (Body size source: IPC-SM-782 page 72, https://www.pcb-3d.com/wordpress/wp-content/uploads/ipc-sm-782a_amendment_1_and_2.pdf), generated with kicad-footprint-generator")
    (tags "resistor handsolder")
    (path /60D57A98)
    (attr smd)
    (fp_text reference R1 (at -2.8702 0.0254 90) (layer F.SilkS)
      (effects (font (size 1 1) (thickness 0.15)))
    )
    (fp_text value 26.1k (at 0 1.65 90) (layer F.Fab)
      (effects (font (size 1 1) (thickness 0.15)))
    )
    (fp_line (start 1.85 0.95) (end -1.85 0.95) (layer F.CrtYd) (width 0.05))
    (fp_line (start 1.85 -0.95) (end 1.85 0.95) (layer F.CrtYd) (width 0.05))
    (fp_line (start -1.85 -0.95) (end 1.85 -0.95) (layer F.CrtYd) (width 0.05))
    (fp_line (start -1.85 0.95) (end -1.85 -0.95) (layer F.CrtYd) (width 0.05))
    (fp_line (start -0.227064 0.735) (end 0.227064 0.735) (layer F.SilkS) (width 0.12))
    (fp_line (start -0.227064 -0.735) (end 0.227064 -0.735) (layer F.SilkS) (width 0.12))
    (fp_line (start 1 0.625) (end -1 0.625) (layer F.Fab) (width 0.1))
    (fp_line (start 1 -0.625) (end 1 0.625) (layer F.Fab) (width 0.1))
    (fp_line (start -1 -0.625) (end 1 -0.625) (layer F.Fab) (width 0.1))
    (fp_line (start -1 0.625) (end -1 -0.625) (layer F.Fab) (width 0.1))
    (fp_text user %R (at 0 0 90) (layer F.Fab)
      (effects (font (size 0.5 0.5) (thickness 0.08)))
    )
    (pad 2 smd roundrect (at 1 0 270) (size 1.2 1.4) (layers F.Cu F.Paste F.Mask) (roundrect_rratio 0.2083325)
      (net 14 /U2_FB))
    (pad 1 smd roundrect (at -1 0 270) (size 1.2 1.4) (layers F.Cu F.Paste F.Mask) (roundrect_rratio 0.2083325)
      (net 1 +3V3))
    (model ${KISYS3DMOD}/Resistor_SMD.3dshapes/R_0805_2012Metric.wrl
      (at (xyz 0 0 0))
      (scale (xyz 1 1 1))
      (rotate (xyz 0 0 0))
    )
  )

  (module Resistor_SMD:R_0805_2012Metric_Pad1.20x1.40mm_HandSolder (layer F.Cu) (tedit 5F68FEEE) (tstamp 61104E82)
    (at 205.5368 108.1024 270)
    (descr "Resistor SMD 0805 (2012 Metric), square (rectangular) end terminal, IPC_7351 nominal with elongated pad for handsoldering. (Body size source: IPC-SM-782 page 72, https://www.pcb-3d.com/wordpress/wp-content/uploads/ipc-sm-782a_amendment_1_and_2.pdf), generated with kicad-footprint-generator")
    (tags "resistor handsolder")
    (path /60D585A1)
    (attr smd)
    (fp_text reference R2 (at -2.6162 0.0508 90) (layer F.SilkS)
      (effects (font (size 1 1) (thickness 0.15)))
    )
    (fp_text value 10k (at 0 1.65 90) (layer F.Fab)
      (effects (font (size 1 1) (thickness 0.15)))
    )
    (fp_line (start 1.85 0.95) (end -1.85 0.95) (layer F.CrtYd) (width 0.05))
    (fp_line (start 1.85 -0.95) (end 1.85 0.95) (layer F.CrtYd) (width 0.05))
    (fp_line (start -1.85 -0.95) (end 1.85 -0.95) (layer F.CrtYd) (width 0.05))
    (fp_line (start -1.85 0.95) (end -1.85 -0.95) (layer F.CrtYd) (width 0.05))
    (fp_line (start -0.227064 0.735) (end 0.227064 0.735) (layer F.SilkS) (width 0.12))
    (fp_line (start -0.227064 -0.735) (end 0.227064 -0.735) (layer F.SilkS) (width 0.12))
    (fp_line (start 1 0.625) (end -1 0.625) (layer F.Fab) (width 0.1))
    (fp_line (start 1 -0.625) (end 1 0.625) (layer F.Fab) (width 0.1))
    (fp_line (start -1 -0.625) (end 1 -0.625) (layer F.Fab) (width 0.1))
    (fp_line (start -1 0.625) (end -1 -0.625) (layer F.Fab) (width 0.1))
    (fp_text user %R (at 0 0 90) (layer F.Fab)
      (effects (font (size 0.5 0.5) (thickness 0.08)))
    )
    (pad 2 smd roundrect (at 1 0 270) (size 1.2 1.4) (layers F.Cu F.Paste F.Mask) (roundrect_rratio 0.2083325)
      (net 2 GND))
    (pad 1 smd roundrect (at -1 0 270) (size 1.2 1.4) (layers F.Cu F.Paste F.Mask) (roundrect_rratio 0.2083325)
      (net 14 /U2_FB))
    (model ${KISYS3DMOD}/Resistor_SMD.3dshapes/R_0805_2012Metric.wrl
      (at (xyz 0 0 0))
      (scale (xyz 1 1 1))
      (rotate (xyz 0 0 0))
    )
  )

  (module Resistor_SMD:R_0805_2012Metric_Pad1.20x1.40mm_HandSolder (layer F.Cu) (tedit 5F68FEEE) (tstamp 60D66F95)
    (at 210.6676 111.4552 90)
    (descr "Resistor SMD 0805 (2012 Metric), square (rectangular) end terminal, IPC_7351 nominal with elongated pad for handsoldering. (Body size source: IPC-SM-782 page 72, https://www.pcb-3d.com/wordpress/wp-content/uploads/ipc-sm-782a_amendment_1_and_2.pdf), generated with kicad-footprint-generator")
    (tags "resistor handsolder")
    (path /60D58F9D)
    (attr smd)
    (fp_text reference R3 (at 0.111 1.778 90) (layer F.SilkS)
      (effects (font (size 1 1) (thickness 0.15)))
    )
    (fp_text value 10k (at 0 1.65 90) (layer F.Fab)
      (effects (font (size 1 1) (thickness 0.15)))
    )
    (fp_line (start -1 0.625) (end -1 -0.625) (layer F.Fab) (width 0.1))
    (fp_line (start -1 -0.625) (end 1 -0.625) (layer F.Fab) (width 0.1))
    (fp_line (start 1 -0.625) (end 1 0.625) (layer F.Fab) (width 0.1))
    (fp_line (start 1 0.625) (end -1 0.625) (layer F.Fab) (width 0.1))
    (fp_line (start -0.227064 -0.735) (end 0.227064 -0.735) (layer F.SilkS) (width 0.12))
    (fp_line (start -0.227064 0.735) (end 0.227064 0.735) (layer F.SilkS) (width 0.12))
    (fp_line (start -1.85 0.95) (end -1.85 -0.95) (layer F.CrtYd) (width 0.05))
    (fp_line (start -1.85 -0.95) (end 1.85 -0.95) (layer F.CrtYd) (width 0.05))
    (fp_line (start 1.85 -0.95) (end 1.85 0.95) (layer F.CrtYd) (width 0.05))
    (fp_line (start 1.85 0.95) (end -1.85 0.95) (layer F.CrtYd) (width 0.05))
    (fp_text user %R (at 0 0 90) (layer F.Fab)
      (effects (font (size 0.5 0.5) (thickness 0.08)))
    )
    (pad 1 smd roundrect (at -1 0 90) (size 1.2 1.4) (layers F.Cu F.Paste F.Mask) (roundrect_rratio 0.2083325)
      (net 3 +12V))
    (pad 2 smd roundrect (at 1 0 90) (size 1.2 1.4) (layers F.Cu F.Paste F.Mask) (roundrect_rratio 0.2083325)
      (net 15 /U2_EN))
    (model ${KISYS3DMOD}/Resistor_SMD.3dshapes/R_0805_2012Metric.wrl
      (at (xyz 0 0 0))
      (scale (xyz 1 1 1))
      (rotate (xyz 0 0 0))
    )
  )

  (module Resistor_SMD:R_0805_2012Metric_Pad1.20x1.40mm_HandSolder (layer F.Cu) (tedit 5F68FEEE) (tstamp 60D66E45)
    (at 205.74 113.8428 270)
    (descr "Resistor SMD 0805 (2012 Metric), square (rectangular) end terminal, IPC_7351 nominal with elongated pad for handsoldering. (Body size source: IPC-SM-782 page 72, https://www.pcb-3d.com/wordpress/wp-content/uploads/ipc-sm-782a_amendment_1_and_2.pdf), generated with kicad-footprint-generator")
    (tags "resistor handsolder")
    (path /60D6CE32)
    (attr smd)
    (fp_text reference R4 (at 1.1176 -1.8542 90) (layer F.SilkS)
      (effects (font (size 1 1) (thickness 0.15)))
    )
    (fp_text value 6.8k (at 0 1.65 90) (layer F.Fab)
      (effects (font (size 1 1) (thickness 0.15)))
    )
    (fp_line (start 1.85 0.95) (end -1.85 0.95) (layer F.CrtYd) (width 0.05))
    (fp_line (start 1.85 -0.95) (end 1.85 0.95) (layer F.CrtYd) (width 0.05))
    (fp_line (start -1.85 -0.95) (end 1.85 -0.95) (layer F.CrtYd) (width 0.05))
    (fp_line (start -1.85 0.95) (end -1.85 -0.95) (layer F.CrtYd) (width 0.05))
    (fp_line (start -0.227064 0.735) (end 0.227064 0.735) (layer F.SilkS) (width 0.12))
    (fp_line (start -0.227064 -0.735) (end 0.227064 -0.735) (layer F.SilkS) (width 0.12))
    (fp_line (start 1 0.625) (end -1 0.625) (layer F.Fab) (width 0.1))
    (fp_line (start 1 -0.625) (end 1 0.625) (layer F.Fab) (width 0.1))
    (fp_line (start -1 -0.625) (end 1 -0.625) (layer F.Fab) (width 0.1))
    (fp_line (start -1 0.625) (end -1 -0.625) (layer F.Fab) (width 0.1))
    (fp_text user %R (at 0 0 90) (layer F.Fab)
      (effects (font (size 0.5 0.5) (thickness 0.08)))
    )
    (pad 2 smd roundrect (at 1 0 270) (size 1.2 1.4) (layers F.Cu F.Paste F.Mask) (roundrect_rratio 0.2083325)
      (net 2 GND))
    (pad 1 smd roundrect (at -1 0 270) (size 1.2 1.4) (layers F.Cu F.Paste F.Mask) (roundrect_rratio 0.2083325)
      (net 4 "Net-(C7-Pad2)"))
    (model ${KISYS3DMOD}/Resistor_SMD.3dshapes/R_0805_2012Metric.wrl
      (at (xyz 0 0 0))
      (scale (xyz 1 1 1))
      (rotate (xyz 0 0 0))
    )
  )

  (module SamacSys_Parts:LL3301NF065QG (layer F.Cu) (tedit 0) (tstamp 610CE9F3)
    (at 222.9612 87.8586)
    (descr LL3301NF065QG)
    (tags Switch)
    (path /611A1DE2)
    (attr smd)
    (fp_text reference S1 (at -0.0508 4.2926) (layer F.SilkS)
      (effects (font (size 1.27 1.27) (thickness 0.254)))
    )
    (fp_text value LL3301NF065QG (at -0.3 0) (layer F.SilkS) hide
      (effects (font (size 1.27 1.27) (thickness 0.254)))
    )
    (fp_line (start -6.1 -2.1) (end -6.1 -2.1) (layer F.SilkS) (width 0.2))
    (fp_line (start -6.1 -2.3) (end -6.1 -2.3) (layer F.SilkS) (width 0.2))
    (fp_line (start -7.2 4) (end -7.2 -4) (layer F.CrtYd) (width 0.1))
    (fp_line (start 6.6 4) (end -7.2 4) (layer F.CrtYd) (width 0.1))
    (fp_line (start 6.6 -4) (end 6.6 4) (layer F.CrtYd) (width 0.1))
    (fp_line (start -7.2 -4) (end 6.6 -4) (layer F.CrtYd) (width 0.1))
    (fp_line (start -3 3) (end -3 -3) (layer F.SilkS) (width 0.1))
    (fp_line (start 3 3) (end -3 3) (layer F.SilkS) (width 0.1))
    (fp_line (start 3 -3) (end 3 3) (layer F.SilkS) (width 0.1))
    (fp_line (start -3 -3) (end 3 -3) (layer F.SilkS) (width 0.1))
    (fp_line (start -3 3) (end -3 -3) (layer F.Fab) (width 0.2))
    (fp_line (start 3 3) (end -3 3) (layer F.Fab) (width 0.2))
    (fp_line (start 3 -3) (end 3 3) (layer F.Fab) (width 0.2))
    (fp_line (start -3 -3) (end 3 -3) (layer F.Fab) (width 0.2))
    (fp_arc (start -6.1 -2.2) (end -6.1 -2.1) (angle 180) (layer F.SilkS) (width 0.2))
    (fp_arc (start -6.1 -2.2) (end -6.1 -2.3) (angle 180) (layer F.SilkS) (width 0.2))
    (fp_text user %R (at -0.3 0) (layer F.Fab)
      (effects (font (size 1.27 1.27) (thickness 0.254)))
    )
    (pad 4 smd rect (at 4.55 2.25 90) (size 1.4 2.1) (layers F.Cu F.Paste F.Mask)
      (net 2 GND))
    (pad 3 smd rect (at -4.55 2.25 90) (size 1.4 2.1) (layers F.Cu F.Paste F.Mask)
      (net 2 GND))
    (pad 2 smd rect (at 4.55 -2.25 90) (size 1.4 2.1) (layers F.Cu F.Paste F.Mask)
      (net 5 /ESP_EN))
    (pad 1 smd rect (at -4.55 -2.25 90) (size 1.4 2.1) (layers F.Cu F.Paste F.Mask)
      (net 5 /ESP_EN))
    (model LL3301NF065QG.stp
      (offset (xyz 0 0 3.449999995869788))
      (scale (xyz 1 1 1))
      (rotate (xyz -90 0 0))
    )
  )

  (module SamacSys_Parts:SOIC127P600X150-8N (layer F.Cu) (tedit 0) (tstamp 60D68373)
    (at 209.6262 104.0892 270)
    (descr SO-8EP)
    (tags "Integrated Circuit")
    (path /60D4CFFD)
    (attr smd)
    (fp_text reference U2 (at 0 0 90) (layer F.SilkS)
      (effects (font (size 1.27 1.27) (thickness 0.254)))
    )
    (fp_text value AP6502SP-13 (at 0 0 90) (layer F.SilkS) hide
      (effects (font (size 1.27 1.27) (thickness 0.254)))
    )
    (fp_line (start -3.7 -2.725) (end 3.7 -2.725) (layer F.CrtYd) (width 0.05))
    (fp_line (start 3.7 -2.725) (end 3.7 2.725) (layer F.CrtYd) (width 0.05))
    (fp_line (start 3.7 2.725) (end -3.7 2.725) (layer F.CrtYd) (width 0.05))
    (fp_line (start -3.7 2.725) (end -3.7 -2.725) (layer F.CrtYd) (width 0.05))
    (fp_line (start -1.95 -2.45) (end 1.95 -2.45) (layer F.Fab) (width 0.1))
    (fp_line (start 1.95 -2.45) (end 1.95 2.45) (layer F.Fab) (width 0.1))
    (fp_line (start 1.95 2.45) (end -1.95 2.45) (layer F.Fab) (width 0.1))
    (fp_line (start -1.95 2.45) (end -1.95 -2.45) (layer F.Fab) (width 0.1))
    (fp_line (start -1.95 -1.18) (end -0.68 -2.45) (layer F.Fab) (width 0.1))
    (fp_line (start -1.6 -2.45) (end 1.6 -2.45) (layer F.SilkS) (width 0.2))
    (fp_line (start 1.6 -2.45) (end 1.6 2.45) (layer F.SilkS) (width 0.2))
    (fp_line (start 1.6 2.45) (end -1.6 2.45) (layer F.SilkS) (width 0.2))
    (fp_line (start -1.6 2.45) (end -1.6 -2.45) (layer F.SilkS) (width 0.2))
    (fp_line (start -3.45 -2.58) (end -1.95 -2.58) (layer F.SilkS) (width 0.2))
    (fp_text user %R (at 0 0 90) (layer F.Fab)
      (effects (font (size 1.27 1.27) (thickness 0.254)))
    )
    (pad 1 smd rect (at -2.7 -1.905) (size 0.65 1.5) (layers F.Cu F.Paste F.Mask)
      (net 11 /U2_BST))
    (pad 2 smd rect (at -2.7 -0.635) (size 0.65 1.5) (layers F.Cu F.Paste F.Mask)
      (net 3 +12V))
    (pad 3 smd rect (at -2.7 0.635) (size 0.65 1.5) (layers F.Cu F.Paste F.Mask)
      (net 10 /U2_SW))
    (pad 4 smd rect (at -2.7 1.905) (size 0.65 1.5) (layers F.Cu F.Paste F.Mask)
      (net 2 GND))
    (pad 5 smd rect (at 2.7 1.905) (size 0.65 1.5) (layers F.Cu F.Paste F.Mask)
      (net 14 /U2_FB))
    (pad 6 smd rect (at 2.7 0.635) (size 0.65 1.5) (layers F.Cu F.Paste F.Mask)
      (net 13 /U2_COMP))
    (pad 7 smd rect (at 2.7 -0.635) (size 0.65 1.5) (layers F.Cu F.Paste F.Mask)
      (net 15 /U2_EN))
    (pad 8 smd rect (at 2.7 -1.905) (size 0.65 1.5) (layers F.Cu F.Paste F.Mask)
      (net 12 /U2_SS))
    (model D:\kicad\Libraries\SamacSys_Parts.3dshapes\AP6502SP-13.stp
      (at (xyz 0 0 0))
      (scale (xyz 1 1 1))
      (rotate (xyz 0 0 0))
    )
  )

  (module Capacitor_SMD:C_0805_2012Metric_Pad1.18x1.45mm_HandSolder (layer F.Cu) (tedit 5F68FEEF) (tstamp 60E50218)
    (at 211.6328 87.0712 90)
    (descr "Capacitor SMD 0805 (2012 Metric), square (rectangular) end terminal, IPC_7351 nominal with elongated pad for handsoldering. (Body size source: IPC-SM-782 page 76, https://www.pcb-3d.com/wordpress/wp-content/uploads/ipc-sm-782a_amendment_1_and_2.pdf, https://docs.google.com/spreadsheets/d/1BsfQQcO9C6DZCsRaXUlFlo91Tg2WpOkGARC1WS5S8t0/edit?usp=sharing), generated with kicad-footprint-generator")
    (tags "capacitor handsolder")
    (path /60E8BF68)
    (attr smd)
    (fp_text reference C11 (at 0 -1.68 90) (layer F.SilkS)
      (effects (font (size 1 1) (thickness 0.15)))
    )
    (fp_text value 22uF (at 0 1.68 90) (layer F.Fab)
